기준_년_코드,기준_분기_코드,상권_구분_코드,상권_구분_코드_명,상권_코드,상권_코드_명,총_상주인구_수,남성_상주인구_수,여성_상주인구_수,연령대_10_상주인구_수,연령대_20_상주인구_수,연령대_30_상주인구_수,연령대_40_상주인구_수,연령대_50_상주인구_수,연령대_60_이상_상주인구_수,남성연령대_10_상주인구_수,남성연령대_20_상주인구_수,남성연령대_30_상주인구_수,남성연령대_40_상주인구_수,남성연령대_50_상주인구_수,남성연령대_60_이상_상주인구_수,여성연령대_10_상주인구_수,여성연령대_20_상주인구_수,여성연령대_30_상주인구_수,여성연령대_40_상주인구_수,여성연령대_50_상주인구_수,여성연령대_60_이상_상주인구_수,총_가구_수,아파트_가구_수,비_아파트_가구_수
2021,1,A,골목상권,2110001,이북5도청사,5553,2646,2907,904,769,596,839,998,1447,471,390,292,369,451,673,433,379,304,470,547,774,2124,0,2124
2021,1,A,골목상권,2110002,독립문역 1번,8636,4057,4579,1692,1004,906,1493,1460,2081,786,498,407,701,765,900,906,506,499,792,695,1181,3264,0,3264
2021,1,A,골목상권,2110003,세검정초등학교,10939,5183,5756,1833,1488,1269,1708,1906,2735,919,749,600,788,867,1260,914,739,669,920,1039,1475,4374,0,4374
2021,1,A,골목상권,2110004,대신고등학교,13371,6201,7170,2170,1633,1757,2204,2261,3346,1031,784,828,1055,1110,1393,1139,849,929,1149,1151,1953,5818,0,5818
2021,1,A,골목상권,2110005,세검정,8964,4243,4721,1363,1268,1088,1435,1546,2264,691,636,512,664,717,1023,672,632,576,771,829,1241,3875,0,3875
2021,1,A,골목상권,2110006,부암동주민센터,3593,1727,1866,496,442,433,581,623,1018,279,238,201,263,295,451,217,204,232,318,328,567,1601,0,1601
2021,1,A,골목상권,2110007,사직공원(한국사회과학도서관),15844,7228,8616,2528,2013,2249,2666,2612,3776,1175,954,1053,1223,1221,1602,1353,1059,1196,1443,1391,2174,6968,0,6968
2021,1,A,골목상권,2110008,배화여자대학교(박노수미술관),12631,5747,6884,1907,1580,1790,2156,1986,3212,925,755,832,984,901,1350,982,825,958,1172,1085,1862,5762,0,5762
2021,1,A,골목상권,2110009,자하문터널,5311,2538,2773,728,693,666,864,954,1406,399,368,320,390,430,631,329,325,346,474,524,775,2356,0,2356
2021,1,A,골목상권,2110010,평창동서측,10578,4915,5663,1681,1328,1333,1682,1805,2749,859,651,602,757,817,1229,822,677,731,925,988,1520,4369,0,4369
2021,1,A,골목상권,2110011,청운초등학교,1987,988,999,399,268,202,361,349,408,234,159,84,161,167,183,165,109,118,200,182,225,746,0,746
2021,1,A,골목상권,2110012,성곡미술관,10103,4513,5590,1330,1324,1517,1585,1667,2680,632,607,663,700,746,1165,698,717,854,885,921,1515,4998,0,4998
2021,1,A,골목상권,2110013,체부동홍종문가옥,5684,2561,3123,698,711,801,902,913,1659,333,362,363,416,415,672,365,349,438,486,498,987,2956,0,2956
2021,1,A,골목상권,2110014,경복고등학교,4207,1998,2209,753,571,545,754,671,913,417,309,229,335,314,394,336,262,316,419,357,519,1764,0,1764
2021,1,A,골목상권,2110015,청와대사랑채,4282,1969,2313,626,539,553,741,727,1096,335,270,231,332,337,464,291,269,322,409,390,632,1969,0,1969
2021,1,A,골목상권,2110016,평창동동측,7118,3312,3806,987,984,878,1066,1299,1904,498,511,404,471,587,841,489,473,474,595,712,1063,2952,0,2952
2021,1,A,골목상권,2110017,정독도서관,4426,2073,2353,525,467,576,721,702,1435,282,225,273,350,329,614,243,242,303,371,373,821,2179,0,2179
2021,1,A,골목상권,2110018,중앙고등학교,5504,2603,2901,691,639,735,963,863,1613,373,308,344,469,409,700,318,331,391,494,454,913,2671,0,2671
2021,1,A,골목상권,2110019,창덕궁,2753,1885,868,104,280,295,386,572,1116,54,164,190,264,454,759,50,116,105,122,118,357,2182,0,2182
2021,1,A,골목상권,2110020,서울국제고등학교,13188,6414,6774,1662,3243,1576,1850,1839,3018,808,1647,865,895,888,1311,854,1596,711,955,951,1707,7001,0,7001
2021,1,A,골목상권,2110021,성균관대학교,9344,4395,4949,1005,2953,1148,1157,1228,1853,492,1384,598,540,580,801,513,1569,550,617,648,1052,5563,0,5563
2021,1,A,골목상권,2110022,경신고등학교,14535,6798,7737,1917,3176,1860,2222,2197,3163,975,1533,903,1029,1011,1347,942,1643,957,1193,1186,1816,7439,0,7439
2021,1,A,골목상권,2110023,서울대병원,2681,1235,1446,193,774,483,298,289,644,91,335,239,150,143,277,102,439,244,148,146,367,1824,0,1824
2021,1,A,골목상권,2110024,혜회동주민센터,10341,4773,5568,1363,2375,1347,1549,1491,2216,684,1093,639,722,688,947,679,1282,708,827,803,1269,5447,0,5447
2021,1,A,골목상권,2110025,충신시장옆,5818,2974,2844,435,1187,803,680,1059,1654,226,584,436,364,562,802,209,603,367,316,497,852,3621,0,3621
2021,1,A,골목상권,2110026,종로5가역 4번,2877,1567,1310,229,422,314,355,592,965,125,228,184,206,324,500,104,194,130,149,268,465,1760,0,1760
2021,1,A,골목상권,2110027,혜화역 1번,8387,4065,4322,733,1598,1221,1153,1405,2277,361,755,620,610,705,1014,372,843,601,543,700,1263,4626,0,4626
2021,1,A,골목상권,2110028,이화달팽이길,14485,7356,7129,1252,2446,1818,1847,2884,4238,643,1244,998,984,1516,1971,609,1202,820,863,1368,2267,7872,0,7872
2021,1,A,골목상권,2110029,동대문역 1번,23207,11931,11276,2218,3292,2757,3076,4811,7053,1148,1754,1533,1596,2566,3334,1070,1538,1224,1480,2245,3719,11795,0,11795
2021,1,A,골목상권,2110030,동대문역 3번,9068,4777,4291,722,1167,1034,1187,1908,3050,378,617,597,606,1066,1513,344,550,437,581,842,1537,5044,0,5044
2021,1,A,골목상권,2110031,창신역 1번,13540,6600,6940,2011,1819,1955,2112,2415,3228,1008,983,962,1024,1163,1460,1003,836,993,1088,1252,1768,5620,0,5620
2021,1,A,골목상권,2110032,수족관거리,2434,1377,1057,74,404,336,274,424,922,35,171,196,161,262,552,39,233,140,113,162,370,1950,0,1950
2021,1,A,골목상권,2110033,창신역 4번,17299,8548,8751,1996,2406,2536,2607,3281,4473,1015,1254,1321,1320,1624,2014,981,1152,1215,1287,1657,2459,8133,0,8133
2021,1,A,골목상권,2110034,창신1동주민센터,6863,3369,3494,635,1056,1411,1012,998,1751,312,469,732,515,506,835,323,587,679,497,492,916,3990,0,3990
2021,1,A,골목상권,2110035,동묘앞역 2번,17833,8893,8940,1455,3252,2795,2496,3243,4592,723,1444,1503,1335,1673,2215,732,1808,1292,1161,1570,2377,10118,0,10118
2021,1,A,골목상권,2110036,동묘앞역 3번,12202,5955,6247,1073,2444,2361,1746,1795,2783,535,953,1211,924,966,1366,538,1491,1150,822,829,1417,7342,0,7342
2021,1,A,골목상권,2110037,신설동역 12번,13167,6672,6495,1165,2088,2117,1884,2441,3472,595,1021,1130,1015,1244,1667,570,1067,987,869,1197,1805,7185,0,7185
2021,1,A,골목상권,2110038,경향신문사,2138,1034,1104,471,197,390,441,300,339,239,95,164,226,157,153,232,102,226,215,143,186,816,0,816
2021,1,A,골목상권,2110039,회현역 1번,4863,2317,2546,457,547,584,664,792,1819,229,238,261,342,386,861,228,309,323,322,406,958,2567,0,2567
2021,1,A,골목상권,2110040,중구회현체육센터(정화예술대남산캠퍼스),5517,2631,2886,570,631,682,753,877,2004,285,280,315,388,425,938,285,351,367,365,452,1066,2932,0,2932
2021,1,A,골목상권,2110041,남산케이블카,4163,1979,2184,457,508,562,593,675,1368,238,237,274,303,319,608,219,271,288,290,356,760,2201,0,2201
2021,1,A,골목상권,2110042,남산골공원옆,3647,1856,1791,335,791,543,414,526,1038,176,418,292,225,290,455,159,373,251,189,236,583,2181,0,2181
2021,1,A,골목상권,2110043,충무초등학교,6270,3239,3031,519,1748,1033,709,847,1414,270,870,575,386,475,663,249,878,458,323,372,751,4001,0,4001
2021,1,A,골목상권,2110044,관성묘,4573,2373,2200,377,1196,618,509,613,1260,196,639,345,278,343,572,181,557,273,231,270,688,2963,0,2963
2021,1,A,골목상권,2110045,동대문역사문화공원역 5번,4658,2384,2274,349,848,704,582,704,1471,179,409,370,324,386,716,170,439,334,258,318,755,2903,0,2903
2021,1,A,골목상권,2110046,버티고개,11666,5596,6070,1193,1708,1811,1716,1859,3379,631,863,902,853,882,1465,562,845,909,863,977,1914,5627,0,5627
2021,1,A,골목상권,2110047,다산성곽길,11511,5525,5986,1133,1956,1713,1669,1812,3228,606,972,876,811,867,1393,527,984,837,858,945,1835,5790,0,5790
2021,1,A,골목상권,2110048,장충동주민센터,11995,5944,6051,1080,2039,1793,1593,2047,3443,561,1001,946,832,1035,1569,519,1038,847,761,1012,1874,6598,0,6598
2021,1,A,골목상권,2110049,장충단 고개,9447,4520,4927,994,1717,1535,1312,1479,2410,509,814,772,640,721,1064,485,903,763,672,758,1346,4891,0,4891
2021,1,A,골목상권,2110050,약수역 7번,21552,10203,11349,2553,2718,3476,3174,3427,6204,1307,1359,1663,1592,1639,2643,1246,1359,1813,1582,1788,3561,10036,0,10036
2021,1,A,골목상권,2110051,한양공고앞 교차로,8660,4367,4293,703,1427,1336,1157,1583,2454,350,710,714,629,822,1142,353,717,622,528,761,1312,4874,0,4874
2021,1,A,골목상권,2110052,장충초등학교,12355,6041,6314,1255,2182,1991,1726,2025,3176,648,1049,1027,891,990,1436,607,1133,964,835,1035,1740,6488,0,6488
2021,1,A,골목상권,2110053,청구역 1번,12649,6373,6276,1265,1890,1809,1771,2302,3612,627,963,944,956,1202,1681,638,927,865,815,1100,1931,6659,0,6659
2021,1,A,골목상권,2110054,청구역 3번,15123,7275,7848,1710,2515,2384,2142,2499,3873,865,1199,1225,1053,1221,1712,845,1316,1159,1089,1278,2161,7238,0,7238
2021,1,A,골목상권,2110055,황학동벼룩시장,8628,4201,4427,835,1333,1785,1190,1288,2197,411,606,918,587,652,1027,424,727,867,603,636,1170,4784,0,4784
2021,1,A,골목상권,2110056,신당역 3번,32331,15449,16882,3999,4912,5379,4703,5513,7825,2044,2223,2576,2347,2768,3491,1955,2689,2803,2356,2745,4334,15327,0,15327
2021,1,A,골목상권,2110057,황학코아루아파트,15156,7160,7996,1456,2745,3113,2105,2356,3381,741,1121,1480,1078,1237,1503,715,1624,1633,1027,1119,1878,8574,0,8574
2021,1,A,골목상권,2110058,성심여자고등학교,20230,9613,10617,3098,2740,2979,3350,3347,4716,1440,1302,1505,1638,1670,2058,1658,1438,1474,1712,1677,2658,8622,0,8622
2021,1,A,골목상권,2110059,새남터성지,8383,3938,4445,1082,911,1371,1252,1348,2419,544,447,692,617,628,1010,538,464,679,635,720,1409,3686,0,3686
2021,1,A,골목상권,2110060,효창공원앞역 6번,23154,11067,12087,3300,3372,3996,3560,3624,5302,1653,1606,1996,1754,1769,2289,1647,1766,2000,1806,1855,3013,10108,0,10108
2021,1,A,골목상권,2110061,효창동주민센터,21836,10294,11542,3169,3415,3836,3288,3498,4630,1641,1536,1832,1595,1689,2001,1528,1879,2004,1693,1809,2629,9469,0,9469
2021,1,A,골목상권,2110062,한강로동땡땡거리(은행나무길),11684,5612,6072,1348,1687,2344,1707,1938,2660,699,782,1164,835,923,1209,649,905,1180,872,1015,1451,5607,0,5607
2021,1,A,골목상권,2110063,효창공원앞역 5번,16687,8071,8616,2095,2663,3509,2499,2351,3570,1068,1195,1747,1308,1175,1578,1027,1468,1762,1191,1176,1992,8380,0,8380
2021,1,A,골목상권,2110064,효창공원앞역 2번,17449,7899,9550,1992,3399,3364,2452,2420,3822,975,1320,1693,1203,1147,1561,1017,2079,1671,1249,1273,2261,8897,0,8897
2021,1,A,골목상권,2110065,남정초등학교,8360,4104,4256,1080,1299,1802,1242,1156,1781,558,581,895,678,592,800,522,718,907,564,564,981,4264,0,4264
2021,1,A,골목상권,2110066,서울역 15번,13136,6557,6579,1453,2166,2061,2007,2362,3087,756,1075,1118,1039,1194,1375,697,1091,943,968,1168,1712,6816,0,6816
2021,1,A,골목상권,2110067,배문고등학교,21025,10232,10793,1970,3995,3079,3025,3635,5321,1030,1746,1697,1542,1865,2352,940,2249,1382,1483,1770,2969,11484,0,11484
2021,1,A,골목상권,2110068,남영역 1번,19855,9270,10585,2382,3871,4217,3010,2711,3664,1157,1492,2067,1534,1350,1670,1225,2379,2150,1476,1361,1994,10573,0,10573
2021,1,A,골목상권,2110069,숙대입구,16731,7722,9009,1505,3823,2765,2320,2474,3844,775,1403,1445,1169,1246,1684,730,2420,1320,1151,1228,2160,9556,0,9556
2021,1,A,골목상권,2110070,용산세무서,8891,4176,4715,1507,1149,1391,1338,1637,1869,747,537,630,603,773,886,760,612,761,735,864,983,3473,0,3473
2021,1,A,골목상권,2110071,한강미주맨션아파트,12536,5791,6745,2444,1174,1714,2163,1973,3068,1235,575,741,990,963,1287,1209,599,973,1173,1010,1781,4885,0,4885
2021,1,A,골목상권,2110072,열정도,11042,5222,5820,1542,1820,2640,1826,1474,1740,798,710,1229,936,728,821,744,1110,1411,890,746,919,5584,0,5584
2021,1,A,골목상권,2110073,삼각지역 3번,4137,2044,2093,300,758,1065,522,573,919,171,358,524,268,297,426,129,400,541,254,276,493,2619,0,2619
2021,1,A,골목상권,2110074,서울역 12번,14019,7772,6247,1361,1841,2034,2050,2701,4032,718,914,1075,1129,1690,2246,643,927,959,921,1011,1786,8175,0,8175
2021,1,A,골목상권,2110075,숙대입구역 1번,12404,6481,5923,1035,1780,1791,1823,2232,3743,558,845,945,992,1305,1836,477,935,846,831,927,1907,7614,0,7614
2021,1,A,골목상권,2110076,삼각지역 14번,3766,1832,1934,343,643,883,495,601,801,183,298,430,243,290,388,160,345,453,252,311,413,2109,0,2109
2021,1,A,골목상권,2110077,삼광초등학교,13806,6875,6931,1518,2075,2111,2162,2390,3550,816,1036,1102,1051,1251,1619,702,1039,1009,1111,1139,1931,7419,0,7419
2021,1,A,골목상권,2110078,이촌동점보아파트,12479,5895,6584,2501,1487,1577,2178,2114,2622,1306,738,715,960,993,1183,1195,749,862,1218,1121,1439,4371,0,4371
2021,1,A,골목상권,2110079,후암동주민센터,21699,11217,10482,2417,2943,3239,3306,3779,6015,1291,1468,1708,1696,2097,2957,1126,1475,1531,1610,1682,3058,11601,0,11601
2021,1,A,골목상권,2110080,해방촌예술마을,15161,7345,7816,1693,2370,2508,2285,2308,3997,898,1178,1319,1136,1086,1728,795,1192,1189,1149,1222,2269,7656,0,7656
2021,1,A,골목상권,2110081,해방촌 남동측,14107,6661,7446,1305,2060,2373,2018,2076,4275,662,1053,1201,1007,940,1798,643,1007,1172,1011,1136,2477,7588,0,7588
2021,1,A,골목상권,2110082,용산구청,4736,2272,2464,298,766,866,630,705,1471,161,391,494,317,337,572,137,375,372,313,368,899,2983,0,2983
2021,1,A,골목상권,2110083,서빙고역 1번,7721,3747,3974,1355,1056,878,1505,1280,1647,681,531,437,722,661,715,674,525,441,783,619,932,3135,0,3135
2021,1,A,골목상권,2110084,경리단길북측,13384,6180,7204,1240,2006,2369,1973,1921,3875,621,989,1161,956,866,1587,619,1017,1208,1017,1055,2288,7354,0,7354
2021,1,A,골목상권,2110085,경리단길남측,10177,4680,5497,1018,1546,1840,1534,1416,2823,509,754,902,736,642,1137,509,792,938,798,774,1686,5593,0,5593
2021,1,A,골목상권,2110086,이태원역 북측,9534,4541,4993,912,1412,1690,1420,1366,2734,463,707,886,700,648,1137,449,705,804,720,718,1597,5589,0,5589
2021,1,A,골목상권,2110087,이태원엔틱가구거리,8893,4328,4565,647,1441,1457,1201,1428,2719,339,788,827,581,688,1105,308,653,630,620,740,1614,5177,0,5177
2021,1,A,골목상권,2110088,오산고등학교,14937,7231,7706,2115,2144,1847,2727,2498,3606,1074,1099,977,1312,1249,1520,1041,1045,870,1415,1249,2086,6890,0,6890
2021,1,A,골목상권,2110089,서빙고동주민센터,9702,4772,4930,1667,1368,1197,1971,1554,1945,854,683,623,974,802,836,813,685,574,997,752,1109,4158,0,4158
2021,1,A,골목상권,2110090,한국폴리텍대학서울정수캠퍼스,14036,6775,7261,1596,2036,1933,2245,2446,3780,818,1102,1022,1071,1184,1578,778,934,911,1174,1262,2202,7064,0,7064
2021,1,A,골목상권,2110091,리움미술관,4393,2056,2337,341,554,836,684,633,1345,182,258,426,343,308,539,159,296,410,341,325,806,2844,0,2844
2021,1,A,골목상권,2110092,NH농협은행 보광동지점,19655,9719,9936,1705,2883,2966,2824,3427,5850,930,1615,1661,1436,1677,2400,775,1268,1305,1388,1750,3450,10848,0,10848
2021,1,A,골목상권,2110093,우사단길,22111,10926,11185,1807,3290,3674,3222,3652,6466,981,1798,2038,1657,1781,2671,826,1492,1636,1565,1871,3795,12716,0,12716
2021,1,A,골목상권,2110094,오산중학교,6941,3354,3587,676,971,961,1065,1273,1995,360,521,527,513,619,814,316,450,434,552,654,1181,3654,0,3654
2021,1,A,골목상권,2110095,한강진역 3번,9655,4633,5022,922,1317,1903,1509,1494,2510,492,631,969,765,726,1050,430,686,934,744,768,1460,5621,0,5621
2021,1,A,골목상권,2110096,한남힐사이드아파트,2382,1085,1297,280,300,610,401,316,475,147,137,267,203,143,188,133,163,343,198,173,287,1246,0,1246
2021,1,A,골목상권,2110097,한남초등학교,3547,1654,1893,425,521,837,608,519,637,219,238,394,290,228,285,206,283,443,318,291,352,1888,0,1888
2021,1,A,골목상권,2110098,서울독일학교,5886,2715,3171,899,708,1096,968,941,1274,435,346,481,442,425,586,464,362,615,526,516,688,2764,0,2764
2021,1,A,골목상권,2110099,유엔빌리지길,10634,4904,5730,1509,1338,1942,1736,1679,2430,759,632,854,789,765,1105,750,706,1088,947,914,1325,4971,0,4971
2021,1,A,골목상권,2110100,옥수동우편취급국,8589,3945,4644,1214,1027,1592,1338,1360,2058,602,484,740,619,615,885,612,543,852,719,745,1173,3703,0,3703
2021,1,A,골목상권,2110101,옥정중학교,12046,5568,6478,1803,1405,2064,1922,1885,2967,901,659,939,909,859,1301,902,746,1125,1013,1026,1666,5012,0,5012
2021,1,A,골목상권,2110102,옥수역 6번,18593,8704,9889,2996,2085,3435,3193,2696,4188,1517,970,1553,1579,1280,1805,1479,1115,1882,1614,1416,2383,7724,0,7724
2021,1,A,골목상권,2110103,옥수터널,15161,7122,8039,2519,1697,3180,2654,2113,2998,1283,808,1426,1329,1000,1276,1236,889,1754,1325,1113,1722,6331,0,6331
2021,1,A,골목상권,2110104,신금호역 4번,24423,11733,12690,3281,3000,4307,3889,3871,6075,1672,1538,2068,1957,1858,2640,1609,1462,2239,1932,2013,3435,10970,0,10970
2021,1,A,골목상권,2110105,금동어린이공원,24128,11587,12541,3155,3027,3847,3818,3901,6380,1618,1566,1883,1904,1906,2710,1537,1461,1964,1914,1995,3670,10978,0,10978
2021,1,A,골목상권,2110106,금북초등학교,18019,8580,9439,2614,2022,2888,2839,2883,4773,1333,964,1379,1461,1438,2005,1281,1058,1509,1378,1445,2768,7608,0,7608
2021,1,A,골목상권,2110107,금호사거리,13966,6718,7248,1959,1556,2447,2263,2174,3567,1006,823,1179,1142,1052,1516,953,733,1268,1121,1122,2051,6454,0,6454
2021,1,A,골목상권,2110108,성동구립금호도서관,22728,10758,11970,3436,2525,4155,3671,3433,5508,1737,1209,1931,1868,1671,2342,1699,1316,2224,1803,1762,3166,9489,0,9489
2021,1,A,골목상권,2110109,금호삼성래미안아파트,19984,9529,10455,3070,2273,3565,3305,3034,4737,1602,1148,1655,1636,1461,2027,1468,1125,1910,1669,1573,2710,8482,0,8482
2021,1,A,골목상권,2110110,상왕십리역 6번,21055,10003,11052,2456,3854,4045,2991,3362,4347,1227,1702,1972,1484,1686,1932,1229,2152,2073,1507,1676,2415,10520,0,10520
2021,1,A,골목상권,2110111,대현산장미원,15873,7548,8325,2639,1902,2594,2687,2486,3565,1311,951,1238,1307,1160,1581,1328,951,1356,1380,1326,1984,6118,0,6118
2021,1,A,골목상권,2110112,행당역 2번,19560,9426,10134,2911,3122,2647,3195,3318,4367,1419,1533,1330,1522,1634,1988,1492,1589,1317,1673,1684,2379,8788,0,8788
2021,1,A,골목상권,2110113,응봉산,10624,5021,5603,1899,1235,1551,1849,1730,2360,953,623,712,883,820,1030,946,612,839,966,910,1330,4022,0,4022
2021,1,A,골목상권,2110114,왕십리파출소,16054,7776,8278,2153,2708,2519,2200,2787,3687,1126,1305,1210,1098,1332,1705,1027,1403,1309,1102,1455,1982,7098,0,7098
2021,1,A,골목상권,2110115,상왕십리역 3번,18939,9183,9756,2197,3664,3115,2606,3203,4154,1150,1677,1548,1333,1574,1901,1047,1987,1567,1273,1629,2253,9345,0,9345
2021,1,A,골목상권,2110116,청계천박물관,14345,7071,7274,1619,2154,2005,1880,2541,4146,838,1072,1005,1001,1247,1908,781,1082,1000,879,1294,2238,6799,0,6799
2021,1,A,골목상권,2110117,성동구보건소,12747,6325,6422,1390,2117,1887,1621,2204,3528,709,1056,973,864,1107,1616,681,1061,914,757,1097,1912,6317,0,6317
2021,1,A,골목상권,2110118,왕십리역 9번,14898,7147,7751,2226,2531,2459,2353,2329,3000,1076,1234,1206,1132,1154,1345,1150,1297,1253,1221,1175,1655,6875,0,6875
2021,1,A,골목상권,2110119,마장지하차도,9765,4792,4973,1149,1734,1493,1243,1663,2483,575,859,757,662,800,1139,574,875,736,581,863,1344,4617,0,4617
2021,1,A,골목상권,2110120,서울숲카페거리,3541,1726,1815,407,572,641,511,557,853,218,280,295,255,286,392,189,292,346,256,271,461,1838,0,1838
2021,1,A,골목상권,2110121,한양대역 4번,4989,2589,2400,754,1580,815,635,625,580,372,899,404,320,312,282,382,681,411,315,313,298,2831,0,2831
2021,1,A,골목상권,2110122,마장역 2번,14504,7170,7334,1991,2619,2311,1985,2251,3347,1005,1317,1192,990,1088,1578,986,1302,1119,995,1163,1769,6576,0,6576
2021,1,A,골목상권,2110123,마장역 3번,17007,8398,8609,1837,4288,2272,2046,2521,4043,910,2153,1201,1027,1243,1864,927,2135,1071,1019,1278,2179,9138,0,9138
2021,1,A,골목상권,2110124,뚝섬역교차로,8989,4423,4566,1099,1447,1666,1360,1355,2062,540,706,824,670,714,969,559,741,842,690,641,1093,4441,0,4441
2021,1,A,골목상권,2110125,사근동살곶이상점가,11579,5850,5729,1086,4305,1494,1111,1292,2291,515,2276,848,583,619,1009,571,2029,646,528,673,1282,7494,0,7494
2021,1,A,골목상권,2110126,서울숲역 1번,5278,2581,2697,649,836,931,788,865,1209,339,390,461,390,438,563,310,446,470,398,427,646,2576,0,2576
2021,1,A,골목상권,2110127,성수1가1동주민센터,9536,4812,4724,1219,1483,1668,1416,1676,2074,617,750,850,684,913,998,602,733,818,732,763,1076,4858,0,4858
2021,1,A,골목상권,2110128,성원중학교,22180,11351,10829,2611,3346,3704,3207,4251,5061,1355,1765,1932,1603,2252,2444,1256,1581,1772,1604,1999,2617,10887,0,10887
2021,1,A,골목상권,2110129,성원어린이공원,11302,5570,5732,1442,1866,2182,1738,1710,2364,730,921,1086,844,882,1107,712,945,1096,894,828,1257,5317,0,5317
2021,1,A,골목상권,2110130,답십리역 6번,11415,5642,5773,1105,2189,1640,1552,1899,3030,571,1021,832,796,1002,1420,534,1168,808,756,897,1610,6280,0,6280
2021,1,A,골목상권,2110131,성수동카페거리,10873,5586,5287,1290,1667,1865,1598,1860,2593,644,840,978,809,1017,1298,646,827,887,789,843,1295,5694,0,5694
2021,1,A,골목상권,2110132,성수2가3동주민센터,9397,4637,4760,976,1691,1727,1308,1450,2245,503,800,873,632,770,1059,473,891,854,676,680,1186,4675,0,4675
2021,1,A,골목상권,2110133,서울교통공사,11824,6092,5732,1080,2088,1958,1685,2131,2882,538,960,1028,940,1210,1416,542,1128,930,745,921,1466,6694,0,6694
2021,1,A,골목상권,2110134,성수119안전센터,15681,8215,7466,1526,2247,2377,2143,3071,4317,780,1203,1319,1152,1658,2103,746,1044,1058,991,1413,2214,8046,0,8046
2021,1,A,골목상권,2110135,성동세무서,13247,6832,6415,1063,3094,2490,1687,2097,2816,540,1389,1336,926,1219,1422,523,1705,1154,761,878,1394,7911,0,7911
2021,1,A,골목상권,2110136,경수초등학교,15066,7825,7241,1285,2680,2418,2046,2601,4036,674,1280,1348,1139,1427,1957,611,1400,1070,907,1174,2079,8620,0,8620
2021,1,A,골목상권,2110137,성수초등학교,20380,10100,10280,1653,5620,3648,2453,2812,4194,839,2461,1955,1350,1467,2028,814,3159,1693,1103,1345,2166,12207,0,12207
2021,1,A,골목상권,2110138,송정체육공원,16440,8375,8065,1490,4055,2680,2137,2519,3559,764,1872,1446,1174,1396,1723,726,2183,1234,963,1123,1836,9808,0,9808
2021,1,A,골목상권,2110139,자양4동주민센터,19916,9790,10126,2309,2712,2880,2966,3576,5473,1118,1347,1458,1499,1841,2527,1191,1365,1422,1467,1735,2946,9511,0,9511
2021,1,A,골목상권,2110140,건대입구역 6번,23609,11521,12088,2509,4183,3528,3271,3743,6375,1248,1911,1837,1644,1927,2954,1261,2272,1691,1627,1816,3421,12469,0,12469
2021,1,A,골목상권,2110141,건대입구역 1번,13426,6512,6914,780,4691,2624,1492,1511,2328,402,2042,1399,839,759,1071,378,2649,1225,653,752,1257,9274,0,9274
2021,1,A,골목상권,2110142,화양사거리,23433,11287,12146,1418,8983,4444,2403,2523,3662,696,3855,2353,1321,1352,1710,722,5128,2091,1082,1171,1952,16699,0,16699
2021,1,A,골목상권,2110143,뚝섬유원지역 1번,14655,7092,7563,2367,1913,2111,2401,2452,3411,1152,951,1005,1129,1217,1638,1215,962,1106,1272,1235,1773,5826,0,5826
2021,1,A,골목상권,2110144,어린이대공원역 4번,15603,7329,8274,831,6731,3041,1451,1453,2096,391,2837,1575,787,790,949,440,3894,1466,664,663,1147,11744,0,11744
2021,1,A,골목상권,2110145,장안초등학교,8451,3986,4465,721,2623,1472,963,1034,1638,351,1096,746,506,538,749,370,1527,726,457,496,889,5409,0,5409
2021,1,A,골목상권,2110146,신자초등학교,22187,10799,11388,3571,3130,3445,3589,3719,4733,1815,1583,1651,1743,1794,2213,1756,1547,1794,1846,1925,2520,9013,0,9013
2021,1,A,골목상권,2110147,능동우편취급국,22176,10970,11206,2204,4514,4068,3065,3362,4963,1153,2137,2039,1623,1697,2321,1051,2377,2029,1442,1665,2642,12097,0,12097
2021,1,A,골목상권,2110148,어린이대공원역 3번,7594,3607,3987,345,3272,1351,727,716,1183,152,1430,679,406,414,526,193,1842,672,321,302,657,5899,0,5899
2021,1,A,골목상권,2110149,세종대학교,9227,4393,4834,927,1936,1811,1266,1268,2019,469,896,863,636,611,918,458,1040,948,630,657,1101,5036,0,5036
2021,1,A,골목상권,2110150,중곡1동 마을마당,18859,9158,9701,1793,3571,3646,2614,2920,4315,931,1601,1841,1352,1440,1993,862,1970,1805,1262,1480,2322,10263,0,10263
2021,1,A,골목상권,2110151,자양한강도서관,22421,10990,11431,3002,3362,3684,3560,3720,5093,1592,1717,1838,1786,1768,2289,1410,1645,1846,1774,1952,2804,10291,0,10291
2021,1,A,골목상권,2110152,중곡어린이공원,11972,5992,5980,1300,1881,2016,1693,2124,2958,685,947,1065,864,1056,1375,615,934,951,829,1068,1583,6052,0,6052
2021,1,A,골목상권,2110153,중곡1동주민센터,19844,9423,10421,1786,3938,3957,2596,3037,4530,917,1651,1914,1354,1489,2098,869,2287,2043,1242,1548,2432,11016,0,11016
2021,1,A,골목상권,2110154,광진정말공원,31170,15024,16146,3930,5087,5203,4763,5096,7091,1977,2516,2574,2380,2440,3137,1953,2571,2629,2383,2656,3954,15060,0,15060
2021,1,A,골목상권,2110155,광진구청,20412,9696,10716,2267,4524,3530,2993,2930,4168,1151,2054,1717,1484,1428,1862,1116,2470,1813,1509,1502,2306,10933,0,10933
2021,1,A,골목상권,2110156,군자역 5번,17630,8158,9472,1650,3932,3803,2387,2263,3595,858,1641,1725,1219,1076,1639,792,2291,2078,1168,1187,1956,10078,0,10078
2021,1,A,골목상권,2110157,자양동우체국,24094,11641,12453,3254,3556,3719,3880,4038,5647,1697,1783,1827,1924,1873,2537,1557,1773,1892,1956,2165,3110,10900,0,10900
2021,1,A,골목상권,2110158,중곡3동주민센터,23820,11905,11915,2615,3591,3851,3456,4269,6038,1348,1788,2060,1786,2132,2791,1267,1803,1791,1670,2137,3247,12026,0,12026
2021,1,A,골목상권,2110159,구의역 4번,34624,16630,17994,4132,6572,6028,5113,5441,7338,2098,3085,3012,2542,2612,3281,2034,3487,3016,2571,2829,4057,17575,0,17575
2021,1,A,골목상권,2110160,광진경찰서,10187,4879,5308,1154,2090,1788,1625,1510,2020,587,967,873,822,744,886,567,1123,915,803,766,1134,5390,0,5390
2021,1,A,골목상권,2110161,중곡역 3번,27595,13721,13874,2975,4387,4478,3929,4938,6888,1537,2198,2357,2011,2405,3213,1438,2189,2121,1918,2533,3675,13564,0,13564
2021,1,A,골목상권,2110162,군자역 4번,22077,10357,11720,2494,4011,4209,3068,3390,4905,1280,1747,1988,1521,1585,2236,1214,2264,2221,1547,1805,2669,11146,0,11146
2021,1,A,골목상권,2110163,성자초등학교,18547,8945,9602,2580,2767,2831,2908,3093,4368,1323,1350,1410,1429,1456,1977,1257,1417,1421,1479,1637,2391,8283,0,8283
2021,1,A,골목상권,2110164,아차산역 5번,13511,6289,7222,1556,2436,2795,1890,1925,2909,808,1053,1261,964,884,1319,748,1383,1534,926,1041,1590,6816,0,6816
2021,1,A,골목상권,2110165,국립정신건강센터,23250,11281,11969,2736,3950,3819,3184,4072,5489,1394,1899,1955,1582,1902,2549,1342,2051,1864,1602,2170,2940,10990,0,10990
2021,1,A,골목상권,2110166,구의1동주민센터,25054,11917,13137,2410,5486,4754,3812,3609,4983,1206,2455,2362,1898,1776,2220,1204,3031,2392,1914,1833,2763,13825,0,13825
2021,1,A,골목상권,2110167,용마초등학교,31550,14976,16574,3658,5345,5529,4409,5159,7450,1875,2465,2660,2213,2396,3367,1783,2880,2869,2196,2763,4083,15274,0,15274
2021,1,A,골목상권,2110168,대원고등학교,16824,8153,8671,2054,2775,2563,2335,3080,4017,1055,1344,1286,1173,1445,1850,999,1431,1277,1162,1635,2167,7540,0,7540
2021,1,A,골목상권,2110169,성동초등학교,13543,6474,7069,1541,2364,2319,1792,2305,3222,764,1116,1175,855,1068,1496,777,1248,1144,937,1237,1726,6146,0,6146
2021,1,A,골목상권,2110170,동대부여고,26123,12514,13609,3028,5047,4716,3986,3934,5412,1483,2348,2386,1968,1911,2418,1545,2699,2330,2018,2023,2994,13389,0,13389
2021,1,A,골목상권,2110171,중곡4동주민센터,16416,8001,8415,1900,2590,2355,2294,3025,4252,981,1313,1179,1155,1452,1921,919,1277,1176,1139,1573,2331,7573,0,7573
2021,1,A,골목상권,2110172,광진초등학교,20975,10146,10829,3097,3122,3208,3339,3442,4767,1546,1523,1635,1661,1673,2108,1551,1599,1573,1678,1769,2659,9665,0,9665
2021,1,A,골목상권,2110173,구남초등학교,9341,4373,4968,1111,1757,1714,1293,1500,1966,544,782,822,597,717,911,567,975,892,696,783,1055,4359,0,4359
2021,1,A,골목상권,2110174,아차산역 1번,28971,13872,15099,3638,4312,4338,4327,4976,7380,1884,2105,2122,2118,2351,3292,1754,2207,2216,2209,2625,4088,13168,0,13168
2021,1,A,골목상권,2110175,푸른동산공원,24657,11739,12918,3427,4483,4117,4017,3769,4844,1647,2080,2061,1922,1847,2182,1780,2403,2056,2095,1922,2662,11779,0,11779
2021,1,A,골목상권,2110176,해오름공원,26265,12788,13477,3081,3958,3771,3770,4747,6938,1620,1965,1896,1893,2283,3131,1461,1993,1875,1877,2464,3807,11980,0,11980
2021,1,A,골목상권,2110177,동의초등학교,15180,7290,7890,2195,2124,2125,2437,2543,3756,1099,1085,1077,1160,1200,1669,1096,1039,1048,1277,1343,2087,6404,0,6404
2021,1,A,골목상권,2110178,장로회신학대학교,5988,2913,3075,842,947,763,888,986,1562,429,491,371,427,470,725,413,456,392,461,516,837,2701,0,2701
2021,1,A,골목상권,2110179,광나루역 1번,11008,5306,5702,2350,1469,1182,2149,1836,2022,1197,718,534,998,928,931,1153,751,648,1151,908,1091,4117,0,4117
2021,1,A,골목상권,2110180,광진정보도서관,8352,4011,4341,1134,1272,1128,1189,1461,2168,581,654,522,543,662,1049,553,618,606,646,799,1119,3538,0,3538
2021,1,A,골목상권,2110181,신설동역 9번,18605,8943,9662,2494,3377,3480,2930,2682,3642,1257,1381,1665,1519,1344,1777,1237,1996,1815,1411,1338,1865,9468,0,9468
2021,1,A,골목상권,2110182,용두희망어린이공원,10432,5569,4863,896,2652,1565,1306,1541,2472,472,1508,883,718,807,1181,424,1144,682,588,734,1291,6298,0,6298
2021,1,A,골목상권,2110183,한국의류시험연구원,7200,3691,3509,525,1798,1411,929,972,1565,264,839,746,509,551,782,261,959,665,420,421,783,4711,0,4711
2021,1,A,골목상권,2110184,용두사거리,8431,4295,4136,602,1923,1590,1123,1238,1955,311,878,821,620,703,962,291,1045,769,503,535,993,5419,0,5419
2021,1,A,골목상권,2110185,용두초등학교,6690,3443,3247,702,1077,1028,1015,1125,1743,368,554,543,555,601,822,334,523,485,460,524,921,3565,0,3565
2021,1,A,골목상권,2110186,종암초등학교,8548,4446,4102,1043,2251,1162,1137,1179,1776,537,1301,651,579,580,798,506,950,511,558,599,978,4505,0,4505
2021,1,A,골목상권,2110187,제기동역 6번,19489,9607,9882,2032,3405,3279,2845,3029,4899,1056,1617,1694,1487,1526,2227,976,1788,1585,1358,1503,2672,10341,0,10341
2021,1,A,골목상권,2110188,용두동신동아아파트,18451,9035,9416,2424,2719,2781,2620,3105,4802,1248,1345,1382,1357,1493,2210,1176,1374,1399,1263,1612,2592,8271,0,8271
2021,1,A,골목상권,2110189,제기동역 1번,15135,7576,7559,1567,3126,2495,2077,2162,3708,810,1590,1326,1079,1092,1679,757,1536,1169,998,1070,2029,8229,0,8229
2021,1,A,골목상권,2110190,고대앞사거리,13254,6842,6412,1456,2893,1686,1726,1887,3606,773,1571,958,936,979,1625,683,1322,728,790,908,1981,7332,0,7332
2021,1,A,골목상권,2110191,고려대역 6번,10280,5368,4912,917,2142,1421,1237,1454,3109,482,1162,831,692,773,1428,435,980,590,545,681,1681,5859,0,5859
2021,1,A,골목상권,2110192,동의보감타워,8872,4435,4437,766,1321,1428,1236,1391,2730,402,629,747,651,733,1273,364,692,681,585,658,1457,5035,0,5035
2021,1,A,골목상권,2110193,고려대역 4번,10453,5387,5066,906,1971,1451,1186,1626,3313,450,1079,827,645,858,1528,456,892,624,541,768,1785,5768,0,5768
2021,1,A,골목상권,2110194,홍파초등학교,11206,5803,5403,761,1394,1275,1407,1843,4526,405,762,757,804,1020,2055,356,632,518,603,823,2471,6530,0,6530
2021,1,A,골목상권,2110195,동대문구청,12778,6586,6192,1113,1928,2032,1704,2042,3959,600,952,1093,940,1128,1873,513,976,939,764,914,2086,7346,0,7346
2021,1,A,골목상권,2110196,홍릉근린공원,11059,5546,5513,944,1388,1329,1334,1878,4186,468,757,755,724,973,1869,476,631,574,610,905,2317,5801,0,5801
2021,1,A,골목상권,2110197,세종대왕기념관교차로,6515,3259,3256,589,928,816,727,1098,2357,278,502,452,392,563,1072,311,426,364,335,535,1285,3461,0,3461
2021,1,A,골목상권,2110198,동대문중앙새마을금고본점,5709,2948,2761,368,687,640,627,987,2400,187,358,355,347,552,1149,181,329,285,280,435,1251,3121,0,3121
2021,1,A,골목상권,2110199,홍릉시장,11952,6027,5925,876,1416,1337,1439,2007,4877,445,772,745,796,1060,2209,431,644,592,643,947,2668,6450,0,6450
2021,1,A,골목상권,2110200,동대문경찰서,11955,5946,6009,939,1340,1282,1487,2070,4837,502,717,694,801,1056,2176,437,623,588,686,1014,2661,6249,0,6249
2021,1,A,골목상권,2110201,전농119안전센터,9973,5163,4810,1159,1205,1503,1371,1636,3099,618,645,738,756,896,1510,541,560,765,615,740,1589,5258,0,5258
2021,1,A,골목상권,2110202,전농1동주민센터(전농시장),10861,5565,5296,1349,1287,1599,1552,1786,3288,708,668,791,840,958,1600,641,619,808,712,828,1688,5520,0,5520
2021,1,A,골목상권,2110203,떡전교사거리,14075,7031,7044,1257,1988,1730,1783,2390,4927,671,986,921,959,1243,2251,586,1002,809,824,1147,2676,7434,0,7434
2021,1,A,골목상권,2110204,간데메공원,26032,12710,13322,3972,3307,4903,4081,3875,5894,2011,1530,2314,2139,1973,2743,1961,1777,2589,1942,1902,3151,12130,0,12130
2021,1,A,골목상권,2110205,경희대삼거리,16185,7682,8503,1874,4749,2268,2018,1982,3294,930,2140,1216,993,977,1426,944,2609,1052,1025,1005,1868,9351,0,9351
2021,1,A,골목상권,2110206,텃골근린공원,20631,10252,10379,2838,2688,2966,3117,3478,5544,1442,1370,1509,1618,1731,2582,1396,1318,1457,1499,1747,2962,9792,0,9792
2021,1,A,골목상권,2110207,시립대앞사거리,11183,5700,5483,1014,2279,1542,1418,1760,3170,485,1145,869,765,934,1502,529,1134,673,653,826,1668,6370,0,6370
2021,1,A,골목상권,2110208,시조사삼거리,17415,8557,8858,1772,4107,2280,2206,2449,4601,896,1944,1236,1151,1255,2075,876,2163,1044,1055,1194,2526,9972,0,9972
2021,1,A,골목상권,2110209,답십리 장령당공원,14409,6942,7467,1952,2214,2515,2213,2289,3226,990,1013,1182,1153,1133,1471,962,1201,1333,1060,1156,1755,6858,0,6858
2021,1,A,골목상권,2110210,서울시립대,16413,8235,8178,1603,3949,2311,2008,2332,4210,788,2022,1273,1047,1193,1912,815,1927,1038,961,1139,2298,9357,0,9357
2021,1,A,골목상권,2110211,전곡마을마당공원,21572,10625,10947,2961,3086,2968,3297,3569,5691,1476,1597,1542,1692,1755,2563,1485,1489,1426,1605,1814,3128,10084,0,10084
2021,1,A,골목상권,2110212,답십리초등학교,24105,11714,12391,3546,3440,4004,3743,3793,5579,1758,1644,1947,1921,1888,2556,1788,1796,2057,1822,1905,3023,10907,0,10907
2021,1,A,골목상권,2110213,청량초등학교,10713,5156,5557,989,3891,1363,1205,1204,2061,482,1775,749,622,637,891,507,2116,614,583,567,1170,6992,0,6992
2021,1,A,골목상권,2110214,경희대후문,10275,5059,5216,1150,3521,1121,1175,1261,2047,557,1732,655,583,645,887,593,1789,466,592,616,1160,6182,0,6182
2021,1,A,골목상권,2110215,회기역 1번,11844,5616,6228,1193,4131,1713,1355,1307,2145,590,1820,902,698,673,933,603,2311,811,657,634,1212,7537,0,7537
2021,1,A,골목상권,2110216,전농중학교,14927,7192,7735,2240,1832,1661,2348,2603,4243,1110,939,843,1152,1273,1875,1130,893,818,1196,1330,2368,6393,0,6393
2021,1,A,골목상권,2110217,자동차부품상가,12949,6455,6494,1414,1960,2481,1837,2059,3198,728,909,1251,1002,1063,1502,686,1051,1230,835,996,1696,6758,0,6758
2021,1,A,골목상권,2110218,답십리사거리,24457,11979,12478,3415,3074,3765,3592,4117,6494,1725,1599,1875,1835,2031,2914,1690,1475,1890,1757,2086,3580,10684,0,10684
2021,1,A,골목상권,2110219,삼육보건대학교,18786,9456,9330,1844,5797,2649,2143,2298,4055,924,3009,1456,1123,1128,1816,920,2788,1193,1020,1170,2239,11062,0,11062
2021,1,A,골목상권,2110220,외대앞역 1번,16282,7899,8383,1644,4354,2086,2126,2233,3839,818,2002,1133,1096,1175,1675,826,2352,953,1030,1058,2164,9742,0,9742
2021,1,A,골목상권,2110221,의릉,11107,5454,5653,1615,1843,1594,1698,1776,2581,836,874,798,890,902,1154,779,969,796,808,874,1427,5180,0,5180
2021,1,A,골목상권,2110222,회기역 2번,7261,3545,3716,822,1939,1109,894,942,1555,416,945,564,479,466,675,406,994,545,415,476,880,3958,0,3958
2021,1,A,골목상권,2110223,군자초등학교,9198,4655,4543,911,1651,1728,1315,1431,2162,485,752,910,705,731,1072,426,899,818,610,700,1090,4847,0,4847
2021,1,A,골목상권,2110224,외대앞역 2번,14395,7123,7272,1734,2178,2041,2070,2408,3964,867,1102,1091,1054,1219,1790,867,1076,950,1016,1189,2174,6983,0,6983
2021,1,A,골목상권,2110225,촬영소사거리,21626,10638,10988,2693,2662,3167,3161,3834,6109,1364,1347,1649,1643,1865,2770,1329,1315,1518,1518,1969,3339,9955,0,9955
2021,1,A,골목상권,2110226,장안1동주민센터,36800,18273,18527,4439,5114,6115,5659,6106,9367,2288,2470,3194,2967,3017,4337,2151,2644,2921,2692,3089,5030,18044,0,18044
2021,1,A,골목상권,2110227,답십리공원,18354,9015,9339,2418,2434,2325,2770,3314,5093,1229,1229,1226,1376,1642,2313,1189,1205,1099,1394,1672,2780,8235,0,8235
2021,1,A,골목상권,2110228,장안근린공원,27596,13710,13886,4118,3443,3864,4533,4611,7027,2109,1769,2004,2330,2279,3219,2009,1674,1860,2203,2332,3808,12111,0,12111
2021,1,A,골목상권,2110229,장평중학교,25578,12666,12912,3503,3668,4550,4285,3777,5795,1802,1691,2304,2241,1878,2750,1701,1977,2246,2044,1899,3045,12338,0,12338
2021,1,A,골목상권,2110230,장안현대홈타운1차아파트,23880,11708,12172,3546,3177,4249,4165,3419,5324,1812,1487,2109,2138,1694,2468,1734,1690,2140,2027,1725,2856,11028,0,11028
2021,1,A,골목상권,2110231,장안교,10253,4978,5275,1588,1305,1279,1754,1722,2605,784,650,646,866,843,1189,804,655,633,888,879,1416,4267,0,4267
2021,1,A,골목상권,2110232,동대부고,20522,10267,10255,4042,2156,2999,3864,2952,4509,2152,1135,1454,1958,1476,2092,1890,1021,1545,1906,1476,2417,8165,0,8165
2021,1,A,골목상권,2110233,중랑역 1번,17256,8931,8325,1437,2702,2640,2310,3294,4873,749,1335,1403,1279,1779,2386,688,1367,1237,1031,1515,2487,9701,0,9701
2021,1,A,골목상권,2110234,중랑역 4번,13870,7094,6776,1235,2244,2328,1955,2504,3604,615,1072,1250,1105,1346,1706,620,1172,1078,850,1158,1898,7874,0,7874
2021,1,A,골목상권,2110235,세화어린이공원,12942,6748,6194,1099,1804,1756,1712,2668,3903,596,927,950,934,1434,1907,503,877,806,778,1234,1996,7015,0,7015
2021,1,A,골목상권,2110236,신묵초등학교,25301,12457,12844,3039,3622,4011,3827,4235,6567,1584,1758,2100,1941,2080,2994,1455,1864,1911,1886,2155,3573,12227,0,12227
2021,1,A,골목상권,2110237,메가박스 상봉,17860,8961,8899,1875,2740,2618,2651,3387,4589,923,1326,1369,1439,1771,2133,952,1414,1249,1212,1616,2456,9572,0,9572
2021,1,A,골목상권,2110238,배꽃어린이공원,9489,4808,4681,936,1402,1437,1360,1800,2554,500,686,767,700,932,1223,436,716,670,660,868,1331,5043,0,5043
2021,1,A,골목상권,2110239,중랑역 2번,11245,5800,5445,901,1704,1604,1533,2220,3283,472,832,859,844,1204,1589,429,872,745,689,1016,1694,6395,0,6395
2021,1,A,골목상권,2110240,태릉시장 특화거리,17950,9257,8693,1491,2539,2511,2425,3599,5385,792,1292,1346,1296,1917,2614,699,1247,1165,1129,1682,2771,9822,0,9822
2021,1,A,골목상권,2110241,먹골역 5번,24124,11926,12198,2579,3646,3901,3544,4122,6332,1356,1794,2047,1821,2019,2889,1223,1852,1854,1723,2103,3443,12098,0,12098
2021,1,A,골목상권,2110242,면목5동주민센터,18903,9485,9418,2572,2393,3125,2899,3375,4539,1295,1200,1605,1568,1712,2105,1277,1193,1520,1331,1663,2434,8782,0,8782
2021,1,A,골목상권,2110243,중랑노인종합복지관,24343,12183,12160,2813,3257,3322,3596,4818,6537,1408,1636,1758,1935,2475,2971,1405,1621,1564,1661,2343,3566,12248,0,12248
2021,1,A,골목상권,2110244,중화역 4번,15286,7645,7641,1571,2217,2268,2205,2839,4186,823,1076,1200,1140,1446,1960,748,1141,1068,1065,1393,2226,7822,0,7822
2021,1,A,골목상권,2110245,KB국민은행 중화동지점,17687,8926,8761,1769,2544,2750,2396,3242,4986,925,1231,1435,1264,1678,2393,844,1313,1315,1132,1564,2593,9067,0,9067
2021,1,A,골목상권,2110246,월드순복음교회,19390,9686,9704,2022,2997,3121,2834,3522,4894,1033,1405,1623,1532,1824,2269,989,1592,1498,1302,1698,2625,10519,0,10519
2021,1,A,골목상권,2110247,먹골역 1번,24656,12080,12576,2811,3646,3979,3772,4012,6436,1471,1757,2066,1939,1925,2922,1340,1889,1913,1833,2087,3514,11825,0,11825
2021,1,A,골목상권,2110248,먹골파출소,17089,8269,8820,2584,2457,2624,2786,2550,4088,1338,1125,1293,1408,1229,1876,1246,1332,1331,1378,1321,2212,7507,0,7507
2021,1,A,골목상권,2110249,중화역 1번,23873,11799,12074,2753,3476,3530,3460,4236,6418,1424,1714,1856,1780,2071,2954,1329,1762,1674,1680,2165,3464,11497,0,11497
2021,1,A,골목상권,2110250,화랑대역 7번,15332,7476,7856,2752,2179,2085,2665,2315,3336,1391,1025,1013,1329,1170,1548,1361,1154,1072,1336,1145,1788,6495,0,6495
2021,1,A,골목상권,2110251,장안중학교,23674,11607,12067,2886,3545,3789,3223,4027,6204,1476,1714,1967,1673,1910,2867,1410,1831,1822,1550,2117,3337,11149,0,11149
2021,1,A,골목상권,2110252,장안제일시장,29252,14687,14565,3948,3977,4769,4519,5172,6867,2003,2025,2438,2415,2626,3180,1945,1952,2331,2104,2546,3687,13589,0,13589
2021,1,A,골목상권,2110253,중곡초등학교,20349,10297,10052,2377,2847,3018,3162,3588,5357,1259,1461,1585,1680,1832,2480,1118,1386,1433,1482,1756,2877,9955,0,9955
2021,1,A,골목상권,2110254,오거리공원,26176,13170,13006,3124,3500,3744,3995,4665,7148,1648,1768,1935,2157,2340,3322,1476,1732,1809,1838,2325,3826,12623,0,12623
2021,1,A,골목상권,2110255,상봉역 4번,28462,13849,14613,2805,5046,5312,3866,4705,6728,1454,2155,2714,2065,2332,3129,1351,2891,2598,1801,2373,3599,15560,0,15560
2021,1,A,골목상권,2110256,면목2동체육관,31896,15894,16002,3307,4919,4975,4604,5882,8209,1709,2364,2615,2488,2973,3745,1598,2555,2360,2116,2909,4464,16843,0,16843
2021,1,A,골목상권,2110257,상봉역 7번,23930,11514,12416,2907,4125,4377,3187,3775,5559,1509,1822,2200,1623,1798,2562,1398,2303,2177,1564,1977,2997,11787,0,11787
2021,1,A,골목상권,2110258,면동초등학교,26591,13209,13382,2987,3947,4096,4046,4838,6677,1531,2001,2103,2098,2441,3035,1456,1946,1993,1948,2397,3642,13549,0,13549
2021,1,A,골목상권,2110259,사가정역 1번,20225,10066,10159,2285,2926,3210,2963,3589,5252,1178,1437,1669,1571,1800,2411,1107,1489,1541,1392,1789,2841,10283,0,10283
2021,1,A,골목상권,2110260,면목역 3번,20002,9884,10118,1909,3313,3207,2882,3487,5204,983,1578,1677,1534,1754,2358,926,1735,1530,1348,1733,2846,10888,0,10888
2021,1,A,골목상권,2110261,사가정역 4번,29157,14446,14711,2869,4235,4318,4170,5042,8523,1531,2124,2269,2221,2486,3815,1338,2111,2049,1949,2556,4708,14861,0,14861
2021,1,A,골목상권,2110262,상봉역 3번,22252,10719,11533,1921,4463,4303,2942,3547,5076,971,1879,2235,1549,1701,2384,950,2584,2068,1393,1846,2692,12445,0,12445
2021,1,A,골목상권,2110263,면목역 1번,26783,13298,13485,2462,4423,4601,3689,4662,6946,1228,2052,2470,1975,2348,3225,1234,2371,2131,1714,2314,3721,14521,0,14521
2021,1,A,골목상권,2110264,면목역 2번,34456,17125,17331,3458,5282,5189,4898,6451,9178,1718,2689,2715,2543,3189,4271,1740,2593,2474,2355,3262,4907,17731,0,17731
2021,1,A,골목상권,2110265,망우역 1번,29970,14495,15475,3718,5095,5147,4258,4928,6824,1905,2246,2563,2169,2404,3208,1813,2849,2584,2089,2524,3616,14420,0,14420
2021,1,A,골목상권,2110266,면목동우체국,24966,12352,12614,2553,3837,3997,3468,4563,6548,1314,1939,2089,1807,2184,3019,1239,1898,1908,1661,2379,3529,12542,0,12542
2021,1,A,골목상권,2110267,망우역 2번,34733,17132,17601,5686,4692,5011,5410,5934,8000,2956,2362,2520,2704,2871,3719,2730,2330,2491,2706,3063,4281,13867,0,13867
2021,1,A,골목상권,2110268,망우3동주민센터,18728,9374,9354,1922,2796,2850,2588,3425,5147,919,1375,1553,1375,1706,2446,1003,1421,1297,1213,1719,2701,9729,0,9729
2021,1,A,골목상권,2110269,용마문화복지센터,15300,7742,7558,1528,2204,2171,2161,2906,4330,751,1128,1175,1155,1471,2062,777,1076,996,1006,1435,2268,7906,0,7906
2021,1,A,골목상권,2110270,혜원여고,14420,7291,7129,1561,2034,1913,2008,2763,4141,748,1034,1029,1056,1441,1983,813,1000,884,952,1322,2158,7366,0,7366
2021,1,A,골목상권,2110271,신내역 1번,8242,3968,4274,1521,1055,1174,1317,1245,1930,771,509,587,666,626,809,750,546,587,651,619,1121,3252,0,3252
2021,1,A,골목상권,2110272,신내1동주민센터,28141,13682,14459,4467,3626,3731,4102,4964,7251,2237,1866,1844,2048,2295,3392,2230,1760,1887,2054,2669,3859,10726,0,10726
2021,1,A,골목상권,2110273,장스여성병원,17329,8675,8654,2132,2259,2403,2440,3055,5040,1072,1174,1217,1299,1528,2385,1060,1085,1186,1141,1527,2655,8052,0,8052
2021,1,A,골목상권,2110274,서일대학교,24302,12275,12027,2837,3352,3060,3437,4733,6883,1408,1745,1659,1782,2396,3285,1429,1607,1401,1655,2337,3598,11827,0,11827
2021,1,A,골목상권,2110275,하나은행 망우동지점,13472,6866,6606,1242,1850,1760,1738,2638,4244,646,946,927,952,1389,2006,596,904,833,786,1249,2238,7161,0,7161
2021,1,A,골목상권,2110276,신내IC북측,5628,2659,2969,1058,619,856,864,783,1448,539,301,430,443,380,566,519,318,426,421,403,882,2194,0,2194
2021,1,A,골목상권,2110277,러스크서울병원,19554,9979,9575,2013,2546,2371,2555,3882,6187,1043,1345,1262,1378,1998,2953,970,1201,1109,1177,1884,3234,9881,0,9881
2021,1,A,골목상권,2110278,망우본동주민센터,23960,12012,11948,3058,2956,3089,3314,4362,7181,1555,1563,1612,1733,2179,3370,1503,1393,1477,1581,2183,3811,10893,0,10893
2021,1,A,골목상권,2110279,신내역 2번,11297,5538,5759,2538,1267,1429,1907,1678,2478,1345,626,684,977,809,1097,1193,641,745,930,869,1381,4186,0,4186
2021,1,A,골목상권,2110280,북정마을,5335,2666,2669,530,927,674,746,851,1607,260,497,380,381,443,705,270,430,294,365,408,902,2715,0,2715
2021,1,A,골목상권,2110281,길상사,3814,1827,1987,427,482,468,542,661,1234,228,217,228,270,332,552,199,265,240,272,329,682,1686,0,1686
2021,1,A,골목상권,2110282,국민대학교앞,5215,2732,2483,534,1326,792,561,662,1340,259,752,491,298,346,586,275,574,301,263,316,754,3129,0,3129
2021,1,A,골목상권,2110283,성북초등학교앞,7884,3754,4130,964,1141,1139,1316,1321,2003,488,576,577,629,634,850,476,565,562,687,687,1153,3689,0,3689
2021,1,A,골목상권,2110284,정릉북한산국립공원입구,7903,3830,4073,935,937,936,1207,1361,2527,493,485,452,617,627,1156,442,452,484,590,734,1371,3554,0,3554
2021,1,A,골목상권,2110285,홍대부중,8044,3769,4275,947,1242,1218,1299,1380,1958,474,611,589,619,631,845,473,631,629,680,749,1113,3834,0,3834
2021,1,A,골목상권,2110286,한성대입구역 5번,11844,5521,6323,1347,2186,1795,1859,1868,2789,696,1007,867,878,871,1202,651,1179,928,981,997,1587,6154,0,6154
2021,1,A,골목상권,2110287,정릉3동주민센터,8510,4116,4394,860,1868,1035,1071,1298,2378,447,1073,563,490,597,946,413,795,472,581,701,1432,4321,0,4321
2021,1,A,골목상권,2110288,동구여중,12433,5868,6565,1540,2152,1934,1920,2085,2802,793,999,930,923,983,1240,747,1153,1004,997,1102,1562,5970,0,5970
2021,1,A,골목상권,2110289,북한산보국문역 2번,19351,9521,9830,2289,3254,2303,2770,3106,5629,1195,1743,1193,1381,1564,2445,1094,1511,1110,1389,1542,3184,9355,0,9355
2021,1,A,골목상권,2110290,북한산보국문역 1번,15129,7375,7754,2251,2068,2006,2521,2435,3848,1188,1082,970,1240,1224,1671,1063,986,1036,1281,1211,2177,6687,0,6687
2021,1,A,골목상권,2110291,한성대입구역 3번,20003,9642,10361,2716,3462,2814,3222,3152,4637,1403,1630,1399,1589,1560,2061,1313,1832,1415,1633,1592,2576,9554,0,9554
2021,1,A,골목상권,2110292,정릉역 2번,13893,6822,7071,2025,1925,1901,2127,2161,3754,1043,997,1015,1055,1057,1655,982,928,886,1072,1104,2099,5951,0,5951
2021,1,A,골목상권,2110293,삼선중학교,19554,8979,10575,2686,3732,2673,2843,3057,4563,1362,1560,1234,1340,1495,1988,1324,2172,1439,1503,1562,2575,9245,0,9245
2021,1,A,골목상권,2110294,서경대학교,35867,17406,18461,6623,4810,4817,6327,5286,8004,3361,2446,2361,3122,2621,3495,3262,2364,2456,3205,2665,4509,14624,0,14624
2021,1,A,골목상권,2110295,정릉우체국,28971,14004,14967,4519,3990,4070,4667,4407,7318,2317,1973,2076,2300,2160,3178,2202,2017,1994,2367,2247,4140,12275,0,12275
2021,1,A,골목상권,2110296,성신여대입구역 4번,23833,10884,12949,4084,4098,3375,4121,3571,4584,2075,1670,1539,1958,1734,1908,2009,2428,1836,2163,1837,2676,10435,0,10435
2021,1,A,골목상권,2110297,경동고등학교,25028,11613,13415,2736,5461,3704,3579,3727,5821,1413,2331,1779,1760,1847,2483,1323,3130,1925,1819,1880,3338,13632,0,13632
2021,1,A,골목상권,2110298,솔숲어린이공원,18610,8898,9712,3143,2212,2501,3170,2871,4713,1607,1097,1224,1536,1401,2033,1536,1115,1277,1634,1470,2680,7453,0,7453
2021,1,A,골목상권,2110299,정릉역 1번,32514,15462,17052,5359,4043,4366,5587,5311,7848,2677,1940,2153,2678,2569,3445,2682,2103,2213,2909,2742,4403,12886,0,12886
2021,1,A,골목상권,2110300,삼선동주민센터,20784,9298,11486,1849,5935,3193,2639,2814,4354,928,2326,1510,1268,1414,1852,921,3609,1683,1371,1400,2502,12547,0,12547
2021,1,A,골목상권,2110301,성신여대입구역 7번,20753,9254,11499,2883,4261,3079,3247,2938,4345,1349,1547,1453,1570,1454,1881,1534,2714,1626,1677,1484,2464,10364,0,10364
2021,1,A,골목상권,2110302,보문역 8번,16104,7862,8242,1985,2920,2501,2493,2620,3585,979,1491,1297,1282,1252,1561,1006,1429,1204,1211,1368,2024,8084,0,8084
2021,1,A,골목상권,2110303,성신여대입구역 1번,14174,5981,8193,1238,3903,2122,1756,1976,3179,543,1273,986,834,951,1394,695,2630,1136,922,1025,1785,8309,0,8309
2021,1,A,골목상권,2110304,보문역 4번,15782,7387,8395,1454,4333,2362,2027,2296,3310,725,1957,1168,995,1142,1400,729,2376,1194,1032,1154,1910,9126,0,9126
2021,1,A,골목상권,2110305,보문역 5번,17169,8495,8674,1469,4076,2566,2268,2686,4104,727,2111,1397,1194,1298,1768,742,1965,1169,1074,1388,2336,9917,0,9917
2021,1,A,골목상권,2110306,미아초등학교,15588,7543,8045,3305,1659,2080,3033,2258,3253,1718,821,963,1461,1148,1432,1587,838,1117,1572,1110,1821,5935,0,5935
2021,1,A,골목상권,2110307,길음역 7번,18235,8592,9643,3214,2214,2744,3206,2862,3995,1619,1039,1305,1534,1409,1686,1595,1175,1439,1672,1453,2309,7282,0,7282
2021,1,A,골목상권,2110308,길음역 8번,24335,11646,12689,4386,2809,3211,4398,3781,5750,2267,1356,1513,2106,1896,2508,2119,1453,1698,2292,1885,3242,10124,0,10124
2021,1,A,골목상권,2110309,대광초등학교,11127,5881,5246,924,2581,1727,1467,1729,2699,494,1482,979,795,887,1244,430,1099,748,672,842,1455,6633,0,6633
2021,1,A,골목상권,2110310,길음역 10번,10171,4699,5472,1354,1407,1452,1511,1657,2790,660,624,696,718,814,1187,694,783,756,793,843,1603,4630,0,4630
2021,1,A,골목상권,2110311,종암아이파크2차후문,10907,5248,5659,1896,1453,1388,1838,1918,2414,922,743,680,873,960,1070,974,710,708,965,958,1344,4195,0,4195
2021,1,A,골목상권,2110312,안암역 2번,3969,2052,1917,277,2000,446,265,357,624,139,1044,267,138,177,287,138,956,179,127,180,337,2991,0,2991
2021,1,A,골목상권,2110313,안암역 3번,11901,6274,5627,1205,3638,1556,1373,1560,2569,626,2060,905,726,788,1169,579,1578,651,647,772,1400,7011,0,7011
2021,1,A,골목상권,2110314,종암경찰서,26128,12534,13594,4180,3455,3639,4385,4176,6293,2140,1673,1792,2163,2078,2688,2040,1782,1847,2222,2098,3605,11131,0,11131
2021,1,A,골목상권,2110315,종암아이파크2차,20801,10059,10742,2812,3402,2620,3066,3513,5388,1379,1783,1337,1490,1723,2347,1433,1619,1283,1576,1790,3041,9622,0,9622
2021,1,A,골목상권,2110316,숭곡초등학교,30849,15065,15784,4866,3777,3917,5082,5117,8090,2472,1813,1980,2558,2555,3687,2394,1964,1937,2524,2562,4403,13360,0,13360
2021,1,A,골목상권,2110317,종암중학교,10683,5411,5272,1318,2411,1448,1400,1616,2490,662,1317,777,724,793,1138,656,1094,671,676,823,1352,5458,0,5458
2021,1,A,골목상권,2110318,KT월곡지사,21176,10365,10811,3348,2901,2915,3442,3312,5258,1800,1321,1476,1774,1635,2359,1548,1580,1439,1668,1677,2899,9006,0,9006
2021,1,A,골목상권,2110319,종암동주민센터,24734,12098,12636,4130,3155,3196,4219,3927,6107,2279,1619,1558,2057,1966,2619,1851,1536,1638,2162,1961,3488,10740,0,10740
2021,1,A,골목상권,2110320,KB국민은행 종암동지점,12089,6094,5995,1602,2300,1626,1722,1927,2912,850,1232,863,873,969,1307,752,1068,763,849,958,1605,5960,0,5960
2021,1,A,골목상권,2110321,동덕여대,15760,7373,8387,2640,2502,2119,2523,2398,3578,1282,1008,1038,1241,1208,1596,1358,1494,1081,1282,1190,1982,6663,0,6663
2021,1,A,골목상권,2110322,장위1동주민센터,17194,8358,8836,2129,2588,2140,2448,3220,4669,1071,1323,1161,1202,1511,2090,1058,1265,979,1246,1709,2579,7671,0,7671
2021,1,A,골목상권,2110323,상월곡역 1번,15520,7313,8207,1836,3020,2089,2098,2386,4091,933,1242,1054,1056,1193,1835,903,1778,1035,1042,1193,2256,7681,0,7681
2021,1,A,골목상권,2110324,월곡역 4번,11903,5645,6258,1214,2592,1672,1515,1761,3149,612,1046,875,798,892,1422,602,1546,797,717,869,1727,6463,0,6463
2021,1,A,골목상권,2110325,장곡초등학교,18012,8703,9309,2629,2474,2221,2758,3198,4732,1287,1272,1159,1302,1571,2112,1342,1202,1062,1456,1627,2620,7797,0,7797
2021,1,A,골목상권,2110326,장위동성당,12757,6214,6543,1591,1819,1552,1871,2291,3633,787,955,813,927,1121,1611,804,864,739,944,1170,2022,5850,0,5850
2021,1,A,골목상권,2110327,상월곡역 2번,19599,9614,9985,2474,2895,2690,2882,3173,5485,1287,1445,1354,1476,1556,2496,1187,1450,1336,1406,1617,2989,8872,0,8872
2021,1,A,골목상권,2110328,상월곡역 3번,12998,6374,6624,1401,2135,1755,1817,2112,3778,731,1028,910,942,1041,1722,670,1107,845,875,1071,2056,6333,0,6333
2021,1,A,골목상권,2110329,우리은행체육관,12777,6334,6443,1979,1577,1933,1955,2093,3240,989,797,989,1023,1076,1460,990,780,944,932,1017,1780,5513,0,5513
2021,1,A,골목상권,2110330,돌곶이역 1번,12002,5892,6110,1369,1741,1619,1768,2033,3472,708,843,844,911,1008,1578,661,898,775,857,1025,1894,5755,0,5755
2021,1,A,골목상권,2110331,돌곶이역 8번,15194,7508,7686,1784,2321,2076,2253,2523,4237,926,1128,1062,1193,1277,1922,858,1193,1014,1060,1246,2315,7409,0,7409
2021,1,A,골목상권,2110332,돌곶이역 3번,9511,4778,4733,872,1659,1286,1289,1658,2747,439,753,699,698,867,1322,433,906,587,591,791,1425,5338,0,5338
2021,1,A,골목상권,2110333,돌곶이역 5번,16232,8141,8091,1514,2711,2090,2267,2861,4789,782,1296,1115,1225,1490,2233,732,1415,975,1042,1371,2556,8716,0,8716
2021,1,A,골목상권,2110334,석관중앙교회,20849,10376,10473,2541,2930,2764,3042,3688,5884,1319,1468,1423,1617,1867,2682,1222,1462,1341,1425,1821,3202,9905,0,9905
2021,1,A,골목상권,2110335,석계역 7번,20210,10110,10100,2273,3046,2749,2843,3525,5774,1156,1503,1453,1493,1748,2757,1117,1543,1296,1350,1777,3017,9733,0,9733
2021,1,A,골목상권,2110336,석관고등학교,14141,7082,7059,1522,2030,1865,2000,2592,4132,789,1025,981,1045,1302,1940,733,1005,884,955,1290,2192,6972,0,6972
2021,1,A,골목상권,2110337,아카데미하우스,11402,5552,5850,1445,1350,1335,1725,1972,3575,747,694,691,873,935,1612,698,656,644,852,1037,1963,5239,0,5239
2021,1,A,골목상권,2110338,인수초등학교,9710,4708,5002,1146,1159,1049,1379,1721,3256,560,595,548,700,820,1485,586,564,501,679,901,1771,4536,0,4536
2021,1,A,골목상권,2110339,국립4.19민주묘지,10141,4907,5234,1254,1233,1238,1529,1701,3186,651,604,645,763,808,1436,603,629,593,766,893,1750,4699,0,4699
2021,1,A,골목상권,2110340,인수중학교,12452,6094,6358,1583,1503,1488,1855,2193,3830,807,777,782,932,1061,1735,776,726,706,923,1132,2095,5727,0,5727
2021,1,A,골목상권,2110341,북한산우이역 2번,5978,2958,3020,634,713,709,805,1103,2014,331,358,398,419,544,908,303,355,311,386,559,1106,2696,0,2696
2021,1,A,골목상권,2110342,국립재활원,15563,7502,8061,1949,2095,1981,2317,2658,4563,993,1033,1035,1185,1248,2008,956,1062,946,1132,1410,2555,7110,0,7110
2021,1,A,골목상권,2110343,무너미어린이공원,21318,10352,10966,2588,2742,2711,3111,3668,6498,1314,1350,1431,1590,1754,2913,1274,1392,1280,1521,1914,3585,9887,0,9887
2021,1,A,골목상권,2110344,화계중학교,9235,4487,4748,1174,1335,1182,1365,1618,2561,570,664,656,702,752,1143,604,671,526,663,866,1418,4196,0,4196
2021,1,A,골목상권,2110345,솔밭공원역 2번,14371,6932,7439,1750,1898,1735,2064,2447,4477,926,851,940,1054,1177,1984,824,1047,795,1010,1270,2493,6400,0,6400
2021,1,A,골목상권,2110346,4.19민주묘지역 2번,10302,4855,5447,1176,1627,1380,1496,1657,2966,628,646,709,756,785,1331,548,981,671,740,872,1635,5078,0,5078
2021,1,A,골목상권,2110347,구세군강북종합사회복지관,11335,5624,5711,1536,1647,1431,1685,1995,3041,822,842,739,861,996,1364,714,805,692,824,999,1677,5076,0,5076
2021,1,A,골목상권,2110348,강북문화예술회관,25679,12459,13220,3284,3272,3184,3713,4409,7817,1693,1667,1678,1847,2119,3455,1591,1605,1506,1866,2290,4362,11234,0,11234
2021,1,A,골목상권,2110349,화계역 2번,12295,5966,6329,1550,1780,1617,1771,2126,3451,782,889,879,900,978,1538,768,891,738,871,1148,1913,5600,0,5600
2021,1,A,골목상권,2110350,가오리역 2번,21125,10258,10867,2479,2899,2562,3034,3695,6456,1278,1489,1341,1520,1804,2826,1201,1410,1221,1514,1891,3630,9732,0,9732
2021,1,A,골목상권,2110351,수유북부시장옆,20593,9992,10601,2482,2956,2678,2989,3537,5951,1277,1497,1427,1503,1681,2607,1205,1459,1251,1486,1856,3344,9586,0,9586
2021,1,A,골목상권,2110352,수유1동주민센터,25801,12755,13046,3178,3484,3263,3732,4490,7654,1654,1785,1739,1967,2178,3432,1524,1699,1524,1765,2312,4222,12276,0,12276
2021,1,A,골목상권,2110353,수유동우체국,19819,9505,10314,2273,2762,2526,2825,3387,6046,1192,1278,1339,1436,1594,2666,1081,1484,1187,1389,1793,3380,9299,0,9299
2021,1,A,골목상권,2110354,삼각산119안전센터,15590,7553,8037,2473,1674,1781,2673,2595,4394,1266,869,909,1367,1265,1877,1207,805,872,1306,1330,2517,6867,0,6867
2021,1,A,골목상권,2110355,삼양사거리역 2번,18522,9182,9340,2181,2334,2139,2663,3343,5862,1115,1224,1159,1394,1672,2618,1066,1110,980,1269,1671,3244,8929,0,8929
2021,1,A,골목상권,2110356,덕수교,19182,9172,10010,2163,2882,2377,2774,3350,5636,1109,1333,1266,1386,1581,2497,1054,1549,1111,1388,1769,3139,9091,0,9091
2021,1,A,골목상권,2110357,가오리역 1번,21606,10465,11141,2607,2797,2570,3094,3786,6752,1374,1406,1379,1542,1821,2943,1233,1391,1191,1552,1965,3809,9513,0,9513
2021,1,A,골목상권,2110358,인수동 우편취급국,23747,11583,12164,2238,4175,3410,3453,3948,6523,1100,1897,1828,1817,1987,2954,1138,2278,1582,1636,1961,3569,12863,0,12863
2021,1,A,골목상권,2110359,수유시장옆,25084,12230,12854,2448,3979,3368,3600,4310,7379,1266,1898,1783,1846,2149,3288,1182,2081,1585,1754,2161,4091,12748,0,12748
2021,1,A,골목상권,2110360,수유초등학교,21384,10518,10866,2110,3506,3021,3017,3602,6128,1067,1594,1642,1627,1798,2790,1043,1912,1379,1390,1804,3338,11552,0,11552
2021,1,A,골목상권,2110361,삼양사거리역 1번,16625,8211,8414,1727,2100,2070,2410,2993,5325,873,1083,1080,1284,1479,2412,854,1017,990,1126,1514,2913,8313,0,8313
2021,1,A,골목상권,2110362,우이천 계성교,23903,11652,12251,2699,3381,2854,3488,4201,7280,1424,1688,1551,1786,2021,3182,1275,1693,1303,1702,2180,4098,11133,0,11133
2021,1,A,골목상권,2110363,송천동주민센터,12903,6318,6585,1591,1502,1614,2007,2234,3955,821,765,836,1027,1088,1781,770,737,778,980,1146,2174,6071,0,6071
2021,1,A,골목상권,2110364,미아역 8번,18677,9160,9517,1851,2643,2330,2646,3277,5930,982,1221,1233,1372,1634,2718,869,1422,1097,1274,1643,3212,9947,0,9947
2021,1,A,골목상권,2110365,미아역 5번,20474,10063,10411,2039,2972,2621,2910,3707,6225,1052,1429,1384,1554,1828,2816,987,1543,1237,1356,1879,3409,10513,0,10513
2021,1,A,골목상권,2110366,광산사거리,17012,8307,8705,1587,2754,2295,2329,3005,5042,853,1336,1250,1219,1465,2184,734,1418,1045,1110,1540,2858,8745,0,8745
2021,1,A,골목상권,2110367,강북구청,14795,7305,7490,1177,2714,2109,2103,2510,4182,615,1230,1153,1134,1285,1888,562,1484,956,969,1225,2294,8531,0,8531
2021,1,A,골목상권,2110368,송천초등학교,24066,11799,12267,3836,2898,3195,4155,3951,6031,1978,1456,1637,2069,1959,2700,1858,1442,1558,2086,1992,3331,10521,0,10521
2021,1,A,골목상권,2110369,성신여대운정그린캠퍼스,17110,8352,8758,1292,3397,2515,2424,2822,4660,617,1388,1402,1332,1457,2156,675,2009,1113,1092,1365,2504,10026,0,10026
2021,1,A,골목상권,2110370,도봉세무서,18205,8936,9269,1625,2456,2182,2626,3350,5966,823,1245,1169,1382,1641,2676,802,1211,1013,1244,1709,3290,9151,0,9151
2021,1,A,골목상권,2110371,삼양입구사거리,14303,7000,7303,1270,1923,1755,2082,2604,4669,657,964,941,1081,1245,2112,613,959,814,1001,1359,2557,7305,0,7305
2021,1,A,골목상권,2110372,강북중학교,16363,8230,8133,1515,2861,2386,2261,2774,4566,818,1449,1307,1175,1394,2087,697,1412,1079,1086,1380,2479,8517,0,8517
2021,1,A,골목상권,2110373,수유역 2번,18294,9064,9230,1711,3249,2657,2858,2956,4863,877,1479,1469,1505,1521,2213,834,1770,1188,1353,1435,2650,10033,0,10033
2021,1,A,골목상권,2110374,송중초등학교,23113,11158,11955,2589,3345,3202,3496,4038,6443,1298,1631,1633,1798,1920,2878,1291,1714,1569,1698,2118,3565,10960,0,10960
2021,1,A,골목상권,2110375,서울북부고용노동지청,14645,7271,7374,1449,2225,1790,2223,2413,4545,765,1110,1021,1194,1214,1967,684,1115,769,1029,1199,2578,7378,0,7378
2021,1,A,골목상권,2110376,수송초등학교,32672,16344,16328,3467,5299,4548,4882,5541,8935,1832,2655,2390,2536,2814,4117,1635,2644,2158,2346,2727,4818,16457,0,16457
2021,1,A,골목상권,2110377,미아사거리역 3번,10340,5077,5263,1229,1303,1299,1568,1841,3100,599,648,651,799,940,1440,630,655,648,769,901,1660,5405,0,5405
2021,1,A,골목상권,2110378,송중동주민센터,19509,9268,10241,2510,2709,2597,3084,3364,5245,1209,1304,1261,1557,1590,2347,1301,1405,1336,1527,1774,2898,9043,0,9043
2021,1,A,골목상권,2110379,KT&G 북부지사,9290,4612,4678,1033,1190,986,1380,1593,3108,542,632,546,749,804,1339,491,558,440,631,789,1769,4477,0,4477
2021,1,A,골목상권,2110380,강북문화정보도서관,10831,5213,5618,1344,1519,1293,1604,1886,3185,693,775,696,784,897,1368,651,744,597,820,989,1817,4772,0,4772
2021,1,A,골목상권,2110381,번동주공2단지,13506,6386,7120,1711,1483,1164,2011,2163,4974,886,799,610,1042,1058,1991,825,684,554,969,1105,2983,6029,0,6029
2021,1,A,골목상권,2110382,솔밭공원역 1번,11159,5398,5761,1364,1514,1323,1618,1898,3442,723,664,706,838,933,1534,641,850,617,780,965,1908,5082,0,5082
2021,1,A,골목상권,2110383,덕성여대시반거리,5279,2399,2880,648,999,650,718,774,1490,344,319,325,357,373,681,304,680,325,361,401,809,2640,0,2640
2021,1,A,골목상권,2110384,문이교,10230,5061,5169,1317,1310,1239,1482,1818,3064,725,631,659,761,899,1386,592,679,580,721,919,1678,4438,0,4438
2021,1,A,골목상권,2110385,효문고등학교,10957,5356,5601,1486,1527,1298,1659,1900,3087,779,736,676,838,921,1406,707,791,622,821,979,1681,4663,0,4663
2021,1,A,골목상권,2110386,연산군묘,7655,3684,3971,1301,945,879,1179,1352,1999,667,506,455,545,628,883,634,439,424,634,724,1116,2894,0,2894
2021,1,A,골목상권,2110387,쌍문초등학교,21669,10449,11220,2889,2959,2604,3321,3753,6143,1423,1526,1330,1674,1746,2750,1466,1433,1274,1647,2007,3393,9200,0,9200
2021,1,A,골목상권,2110388,도봉우체국,18714,9029,9685,2455,2622,2462,2819,3138,5218,1251,1310,1252,1434,1439,2343,1204,1312,1210,1385,1699,2875,8161,0,8161
2021,1,A,골목상권,2110389,한일병원,16308,8013,8295,1819,2425,2533,2335,2705,4491,940,1216,1343,1183,1285,2046,879,1209,1190,1152,1420,2445,7421,0,7421
2021,1,A,골목상권,2110390,방학초등학교,20081,9697,10384,2627,2573,2443,2704,3647,6087,1359,1399,1282,1301,1670,2686,1268,1174,1161,1403,1977,3401,8190,0,8190
2021,1,A,골목상권,2110391,샘말어린이공원,16787,8472,8315,2064,2271,1789,2449,3120,5094,1070,1244,968,1269,1556,2365,994,1027,821,1180,1564,2729,7765,0,7765
2021,1,A,골목상권,2110392,발바닥공원,18186,8467,9719,2625,2361,2291,2659,3237,5013,1339,1205,1125,1224,1399,2175,1286,1156,1166,1435,1838,2838,7181,0,7181
2021,1,A,골목상권,2110393,국민은행방학지점,13846,6729,7117,1806,1821,1685,1865,2536,4133,963,979,873,892,1125,1897,843,842,812,973,1411,2236,5549,0,5549
2021,1,A,골목상권,2110394,방학중학교,27007,13618,13389,3064,3611,2922,3821,5200,8389,1586,1970,1595,1978,2600,3889,1478,1641,1327,1843,2600,4500,12755,0,12755
2021,1,A,골목상권,2110395,신한은행 방학동지점,15848,7944,7904,1862,2055,1949,2220,2920,4842,1007,1110,1063,1144,1425,2195,855,945,886,1076,1495,2647,7240,0,7240
2021,1,A,골목상권,2110396,쌍문역1번(쌍리단길),14056,6849,7207,1258,2297,1950,2017,2455,4079,626,1131,1017,1046,1178,1851,632,1166,933,971,1277,2228,7344,0,7344
2021,1,A,골목상권,2110397,도봉산입구,25680,12745,12935,2865,3246,3197,3454,4286,8632,1501,1661,1674,1821,2067,4021,1364,1585,1523,1633,2219,4611,11226,0,11226
2021,1,A,골목상권,2110398,쌍문2동우체국,21881,10387,11494,2914,3004,3109,3227,3757,5870,1484,1476,1615,1587,1667,2558,1430,1528,1494,1640,2090,3312,9663,0,9663
2021,1,A,골목상권,2110399,창2동주민센터,36133,17659,18474,4821,5020,4957,5511,6354,9470,2520,2526,2498,2803,3038,4274,2301,2494,2459,2708,3316,5196,15654,0,15654
2021,1,A,골목상권,2110400,도봉구보건소,23991,11624,12367,3247,3382,3322,3436,4225,6379,1714,1675,1713,1691,1953,2878,1533,1707,1609,1745,2272,3501,10360,0,10360
2021,1,A,골목상권,2110401,도봉구민회관,16930,8050,8880,2181,2385,2566,2437,2876,4485,1126,1169,1338,1184,1279,1954,1055,1216,1228,1253,1597,2531,7481,0,7481
2021,1,A,골목상권,2110402,도봉구 정병원,19251,9511,9740,2201,2700,2515,2614,3474,5747,1188,1398,1310,1321,1677,2617,1013,1302,1205,1293,1797,3130,8896,0,8896
2021,1,A,골목상권,2110403,방학1동주민센터,24858,12456,12402,2670,3343,2928,3492,4738,7687,1379,1742,1547,1836,2406,3546,1291,1601,1381,1656,2332,4141,11994,0,11994
2021,1,A,골목상권,2110404,신창초등학교,33412,16430,16982,4428,4396,3906,5125,6070,9487,2307,2283,2038,2602,2974,4226,2121,2113,1868,2523,3096,5261,14919,0,14919
2021,1,A,골목상권,2110405,방학역 1번,24822,12691,12131,2482,3385,2833,3551,4714,7857,1294,1773,1517,1889,2453,3765,1188,1612,1316,1662,2261,4092,12538,0,12538
2021,1,A,골목상권,2110406,도봉산역 1번,11668,5819,5849,1362,1456,1442,1559,1964,3885,710,784,760,831,950,1784,652,672,682,728,1014,2101,4829,0,4829
2021,1,A,골목상권,2110407,도봉역 2번,20442,10418,10024,1962,2595,2467,2856,3538,7024,1045,1303,1336,1550,1831,3353,917,1292,1131,1306,1707,3671,10255,0,10255
2021,1,A,골목상권,2110408,가인초등학교,19829,9678,10151,2902,2945,2614,2842,3616,4910,1501,1505,1319,1368,1697,2288,1401,1440,1295,1474,1919,2622,7995,0,7995
2021,1,A,골목상권,2110409,창동역 2번,23839,11436,12403,3450,3468,3242,3394,4261,6024,1770,1685,1675,1590,1958,2758,1680,1783,1567,1804,2303,3266,9380,0,9380
2021,1,A,골목상권,2110410,방학역 2번,22976,11442,11534,2677,2911,2678,3391,4103,7216,1360,1485,1382,1716,2102,3397,1317,1426,1296,1675,2001,3819,11074,0,11074
2021,1,A,골목상권,2110411,도봉역 3번,20260,10130,10130,2283,2404,2479,2841,3425,6828,1197,1258,1279,1503,1715,3178,1086,1146,1200,1338,1710,3650,9356,0,9356
2021,1,A,골목상권,2110412,창동중학교,11948,5809,6139,2410,1600,1338,2071,2119,2410,1224,839,626,958,1018,1144,1186,761,712,1113,1101,1266,4067,0,4067
2021,1,A,골목상권,2110413,누원고등학교,19646,9587,10059,2410,2582,2531,2615,3254,6254,1231,1332,1293,1315,1515,2901,1179,1250,1238,1300,1739,3353,7970,0,7970
2021,1,A,골목상권,2110414,장석교회,12465,6087,6378,2228,1435,1571,1987,2018,3226,1152,755,761,1039,980,1400,1076,680,810,948,1038,1826,5253,0,5253
2021,1,A,골목상권,2110415,수락산역 4번,30815,15077,15738,4538,4134,4166,4658,5381,7938,2389,2124,2081,2260,2581,3642,2149,2010,2085,2398,2800,4296,12599,0,12599
2021,1,A,골목상권,2110416,노원초등학교,16740,8198,8542,2657,2300,2753,2450,2722,3858,1364,1169,1416,1189,1268,1792,1293,1131,1337,1261,1454,2066,6757,0,6757
2021,1,A,골목상권,2110417,월계역 3번,11386,5422,5964,1549,1426,1538,1675,1843,3355,791,724,765,873,874,1395,758,702,773,802,969,1960,5212,0,5212
2021,1,A,골목상권,2110418,광운대학교 남단,17959,9100,8859,2574,2944,2339,2814,2816,4472,1363,1690,1211,1413,1385,2038,1211,1254,1128,1401,1431,2434,8007,0,8007
2021,1,A,골목상권,2110419,수락산디자인거리,22319,10842,11477,2908,3071,2998,3173,4041,6128,1525,1566,1497,1511,1914,2829,1383,1505,1501,1662,2127,3299,9455,0,9455
2021,1,A,골목상권,2110420,광운대역 1번,13165,6831,6334,1551,2584,1587,1957,2015,3471,793,1527,870,1006,1032,1603,758,1057,717,951,983,1868,6367,0,6367
2021,1,A,골목상권,2110421,석계역 1번,14802,7351,7451,1759,2322,1856,2222,2484,4159,915,1171,994,1098,1226,1947,844,1151,862,1124,1258,2212,7119,0,7119
2021,1,A,골목상권,2110422,노원역 9번,14548,6853,7695,1915,2270,2224,2136,2583,3420,955,1055,1093,1016,1197,1537,960,1215,1131,1120,1386,1883,6484,0,6484
2021,1,A,골목상권,2110423,석계역 2번,22888,11338,11550,3200,3309,3039,3562,3717,6061,1615,1721,1567,1776,1829,2830,1585,1588,1472,1786,1888,3231,9750,0,9750
2021,1,A,골목상권,2110424,상계초등학교,20717,10278,10439,2619,3142,2408,3024,3811,5713,1366,1597,1293,1501,1909,2612,1253,1545,1115,1523,1902,3101,9445,0,9445
2021,1,A,골목상권,2110425,계상초등학교,29143,14208,14935,3994,4162,3285,4466,5220,8016,2016,2139,1745,2175,2555,3578,1978,2023,1540,2291,2665,4438,12805,0,12805
2021,1,A,골목상권,2110426,상계2동주민센터,32705,15797,16908,5496,4843,3677,5472,6033,7184,2799,2388,1862,2509,3020,3219,2697,2455,1815,2963,3013,3965,13310,0,13310
2021,1,A,골목상권,2110427,노원 을지대학교병원,10122,4816,5306,1472,2038,1506,1523,1610,1973,766,1040,735,709,761,805,706,998,771,814,849,1168,4715,0,4715
2021,1,A,골목상권,2110428,상계5동주민센터,32078,15627,16451,4534,4473,3571,4962,5829,8709,2305,2343,1841,2412,2850,3876,2229,2130,1730,2550,2979,4833,13721,0,13721
2021,1,A,골목상권,2110429,공릉동 국수거리,22355,10887,11468,2672,4108,3429,3206,3563,5377,1330,1903,1768,1671,1708,2507,1342,2205,1661,1535,1855,2870,10804,0,10804
2021,1,A,골목상권,2110430,중계초등학교,15184,7267,7917,2538,1995,1455,2482,2628,4086,1328,1034,714,1155,1315,1721,1210,961,741,1327,1313,2365,6133,0,6133
2021,1,A,골목상권,2110431,상계역,18735,9024,9711,2906,2634,2030,2986,3385,4794,1492,1334,1018,1380,1672,2128,1414,1300,1012,1606,1713,2666,7487,0,7487
2021,1,A,골목상권,2110432,대진고등학교,10931,5317,5614,1676,2371,1400,1589,1863,2032,900,1267,696,698,888,868,776,1104,704,891,975,1164,4980,0,4980
2021,1,A,골목상권,2110433,공릉역 2번,22740,11485,11255,2428,5425,3173,2858,3387,5469,1221,2897,1678,1500,1644,2545,1207,2528,1495,1358,1743,2924,12060,0,12060
2021,1,A,골목상권,2110434,태릉입구역 4번,15878,7803,8075,1740,3305,2386,2165,2458,3824,876,1497,1254,1133,1232,1811,864,1808,1132,1032,1226,2013,8049,0,8049
2021,1,A,골목상권,2110435,서울과학기술대,7714,3843,3871,1042,1916,999,961,1153,1643,544,1025,509,474,549,742,498,891,490,487,604,901,3616,0,3616
2021,1,A,골목상권,2110436,상계제일중학교,19244,9171,10073,2915,2426,1933,3113,3365,5492,1562,1241,964,1457,1668,2279,1353,1185,969,1656,1697,3213,8170,0,8170
2021,1,A,골목상권,2110437,당고개역 2번,19514,9510,10004,2812,2340,2196,2910,3418,5838,1463,1233,1113,1437,1668,2596,1349,1107,1083,1473,1750,3242,8357,0,8357
2021,1,A,골목상권,2110438,경춘선숲길 우측,24602,12397,12205,3127,5605,3384,3210,3632,5644,1599,3039,1784,1603,1745,2627,1528,2566,1600,1607,1887,3017,12006,0,12006
2021,1,A,골목상권,2110439,당고개역 5번,10718,5403,5315,1096,1238,1109,1531,1982,3762,583,694,602,811,1040,1673,513,544,507,720,942,2089,5487,0,5487
2021,1,A,골목상권,2110440,상계3동4동주민센터,9077,4642,4435,845,1078,960,1278,1697,3219,443,585,556,690,895,1473,402,493,404,588,802,1746,4662,0,4662
2021,1,A,골목상권,2110441,영신여고,17152,8353,8799,4516,2139,1292,3686,3020,2499,2314,1108,585,1620,1563,1163,2202,1031,707,2066,1457,1336,5796,0,5796
2021,1,A,골목상권,2110442,화랑대철도공원,6399,2945,3454,1477,878,626,1309,969,1140,749,364,269,596,489,478,728,514,357,713,480,662,2604,0,2604
2021,1,A,골목상권,2110443,수색역 1번,2493,1249,1244,374,298,384,365,445,627,199,151,202,179,243,275,175,147,182,186,202,352,1170,0,1170
2021,1,A,골목상권,2110444,수색성당,10382,5040,5342,1416,1449,1538,1502,1783,2694,758,711,757,735,841,1238,658,738,781,767,942,1456,4290,0,4290
2021,1,A,골목상권,2110445,덕산중학교,15400,7489,7911,2421,2042,2252,2422,2500,3763,1240,1064,1124,1197,1174,1690,1181,978,1128,1225,1326,2073,6039,0,6039
2021,1,A,골목상권,2110446,내를건너서숲으로도서관,12575,6293,6282,1767,1654,1681,1942,2066,3465,953,870,872,978,1009,1611,814,784,809,964,1057,1854,5325,0,5325
2021,1,A,골목상권,2110447,구산초등학교,11114,5472,5642,1646,1412,1343,1732,1847,3134,857,708,685,846,872,1504,789,704,658,886,975,1630,4727,0,4727
2021,1,A,골목상권,2110448,상신초등학교입구,18634,9237,9397,2654,2626,2709,2877,3119,4649,1416,1379,1415,1442,1457,2128,1238,1247,1294,1435,1662,2521,7880,0,7880
2021,1,A,골목상권,2110449,증산역 3번,19706,9578,10128,2458,2703,2655,2975,3259,5656,1281,1341,1361,1471,1547,2577,1177,1362,1294,1504,1712,3079,9040,0,9040
2021,1,A,골목상권,2110450,시립서북병원,41536,20530,21006,5936,5754,5454,6690,7100,10602,2978,2869,2734,3373,3525,5051,2958,2885,2720,3317,3575,5551,16998,0,16998
2021,1,A,골목상권,2110451,증산역 4번,24090,11714,12376,2677,3329,3204,3525,4022,7333,1342,1669,1669,1732,1946,3356,1335,1660,1535,1793,2076,3977,11465,0,11465
2021,1,A,골목상권,2110452,새절역 3번,19797,9679,10118,2110,2775,2734,2835,3296,6047,1098,1399,1406,1413,1647,2716,1012,1376,1328,1422,1649,3331,9627,0,9627
2021,1,A,골목상권,2110453,신사1동주민센터,33674,16288,17386,4101,4992,5114,5188,5364,8915,2143,2468,2634,2605,2545,3893,1958,2524,2480,2583,2819,5022,15707,0,15707
2021,1,A,골목상권,2110454,선정중학교,24429,11594,12835,3419,3693,3332,3986,4056,5943,1758,1776,1662,1890,1922,2586,1661,1917,1670,2096,2134,3357,10673,0,10673
2021,1,A,골목상권,2110455,역촌노인복지관,36885,17514,19371,5020,5189,5126,6057,6141,9352,2505,2544,2523,3014,2842,4086,2515,2645,2603,3043,3299,5266,16099,0,16099
2021,1,A,골목상권,2110456,구산보건지소,35111,16672,18439,4690,5144,4701,5761,5977,8838,2270,2476,2349,2800,2848,3929,2420,2668,2352,2961,3129,4909,15604,0,15604
2021,1,A,골목상권,2110457,예일여고,22012,10425,11587,3018,3239,2871,3616,3648,5620,1425,1560,1440,1735,1742,2523,1593,1679,1431,1881,1906,3097,9798,0,9798
2021,1,A,골목상권,2110458,선일여고,24892,11897,12995,3339,3979,3380,3956,4162,6076,1751,1944,1739,1904,1914,2645,1588,2035,1641,2052,2248,3431,11442,0,11442
2021,1,A,골목상권,2110459,응암역 2번,32660,15356,17304,4192,4767,4642,5366,5351,8342,2071,2256,2228,2693,2484,3624,2121,2511,2414,2673,2867,4718,15056,0,15056
2021,1,A,골목상권,2110460,구산역 4번,27484,12849,14635,3689,4239,3769,4414,4500,6873,1771,2006,1896,2104,2106,2966,1918,2233,1873,2310,2394,3907,12380,0,12380
2021,1,A,골목상권,2110461,새절역 2번,13850,6713,7137,1408,1998,2023,2060,2236,4125,739,980,1032,1040,1129,1793,669,1018,991,1020,1107,2332,7156,0,7156
2021,1,A,골목상권,2110462,갈현건영아파트,22811,11082,11729,2485,3748,3171,3216,3873,6318,1285,1891,1690,1606,1770,2840,1200,1857,1481,1610,2103,3478,11012,0,11012
2021,1,A,골목상권,2110463,응암3동주민센터,16254,7860,8394,1748,2308,2391,2464,2577,4766,913,1127,1219,1266,1284,2051,835,1181,1172,1198,1293,2715,8225,0,8225
2021,1,A,골목상권,2110464,연신내역 5번,23558,11067,12491,2921,4090,3391,3765,3766,5625,1466,1876,1698,1818,1780,2429,1455,2214,1693,1947,1986,3196,11363,0,11363
2021,1,A,골목상권,2110465,연신내역 7번,22151,10538,11613,2616,3823,3288,3384,3506,5534,1362,1796,1676,1644,1634,2426,1254,2027,1612,1740,1872,3108,10981,0,10981
2021,1,A,골목상권,2110466,구산역 2번,25276,11867,13409,3335,3625,3582,4157,4129,6448,1640,1675,1755,1998,1981,2818,1695,1950,1827,2159,2148,3630,11523,0,11523
2021,1,A,골목상권,2110467,은평요양병원,19174,9283,9891,1954,3310,2925,2680,3112,5193,979,1620,1543,1389,1412,2340,975,1690,1382,1291,1700,2853,9580,0,9580
2021,1,A,골목상권,2110468,응암역 3번,39976,18671,21305,4897,6055,6130,6451,6343,10100,2468,2724,2962,3215,2993,4309,2429,3331,3168,3236,3350,5791,19189,0,19189
2021,1,A,골목상권,2110469,응암정보도서관,33585,16499,17086,3947,5107,4477,4981,5556,9517,2095,2628,2347,2485,2762,4182,1852,2479,2130,2496,2794,5335,16203,0,16203
2021,1,A,골목상권,2110470,신진과학기술고등학교,23797,11231,12566,3602,3457,4292,4115,3180,5151,1840,1507,2061,2073,1544,2206,1762,1950,2231,2042,1636,2945,11289,0,11289
2021,1,A,골목상권,2110471,응암동우체국,28125,13651,14474,4193,3320,4885,4677,4029,7021,2136,1653,2392,2440,2033,2997,2057,1667,2493,2237,1996,4024,12990,0,12990
2021,1,A,골목상권,2110472,연신내역 4번,23681,11076,12605,2575,4138,3518,3568,3810,6072,1259,1905,1762,1765,1771,2614,1316,2233,1756,1803,2039,3458,11975,0,11975
2021,1,A,골목상권,2110473,구산역 1번,32941,15396,17545,4085,4938,4639,5188,5416,8675,1962,2293,2311,2555,2526,3749,2123,2645,2328,2633,2890,4926,15500,0,15500
2021,1,A,골목상권,2110474,세명컴퓨터고등학교,21474,10426,11048,2152,3644,3271,2943,3540,5924,1083,1764,1734,1537,1611,2697,1069,1880,1537,1406,1929,3227,10755,0,10755
2021,1,A,골목상권,2110475,백련산해모로아파트,25578,12193,13385,4379,3249,4204,4490,3549,5707,2250,1544,2029,2229,1724,2417,2129,1705,2175,2261,1825,3290,11447,0,11447
2021,1,A,골목상권,2110476,역촌역 2번,12065,5755,6310,1299,1685,1814,1863,1896,3508,678,734,933,946,935,1529,621,951,881,917,961,1979,6053,0,6053
2021,1,A,골목상권,2110477,은평세무서,22452,10540,11912,2759,3165,3413,3599,3602,5914,1395,1431,1700,1780,1720,2514,1364,1734,1713,1819,1882,3400,10980,0,10980
2021,1,A,골목상권,2110478,응암1동주민센터,21390,10190,11200,3183,2884,2964,3600,3396,5363,1660,1389,1470,1744,1662,2265,1523,1495,1494,1856,1734,3098,9970,0,9970
2021,1,A,골목상권,2110479,연신내역 2번,24810,11977,12833,2482,3860,3444,3441,4234,7349,1275,1913,1772,1757,1970,3290,1207,1947,1672,1684,2264,4059,12513,0,12513
2021,1,A,골목상권,2110480,연신내역 3번,17474,8219,9255,1722,3100,2674,2449,2833,4696,896,1394,1333,1218,1307,2071,826,1706,1341,1231,1526,2625,8970,0,8970
2021,1,A,골목상권,2110481,불광역 7번,20494,9601,10893,2222,3260,3097,3048,3271,5596,1103,1510,1520,1508,1547,2413,1119,1750,1577,1540,1724,3183,10237,0,10237
2021,1,A,골목상권,2110482,연신초등학교,13629,6691,6938,1502,1994,1783,1930,2455,3965,767,1025,932,1022,1153,1792,735,969,851,908,1302,2173,6509,0,6509
2021,1,A,골목상권,2110483,연천초등학교,15446,7395,8051,1534,2383,2130,2128,2659,4612,809,1179,1087,1058,1222,2040,725,1204,1043,1070,1437,2572,7656,0,7656
2021,1,A,골목상권,2110484,역촌역 3번,27659,13210,14449,2871,4064,4094,4243,4448,7939,1451,1939,2092,2156,2166,3406,1420,2125,2002,2087,2282,4533,14211,0,14211
2021,1,A,골목상권,2110485,연신내우체국,19243,9287,9956,2124,2807,2489,2723,3344,5756,1128,1415,1283,1370,1563,2528,996,1392,1206,1353,1781,3228,9208,0,9208
2021,1,A,골목상권,2110486,은평구청,18317,8724,9593,2215,2492,2574,2960,3022,5054,1113,1217,1318,1484,1428,2164,1102,1275,1256,1476,1594,2890,8795,0,8795
2021,1,A,골목상권,2110487,불광역 8번,10369,4810,5559,939,1819,1573,1465,1673,2900,466,833,771,712,803,1225,473,986,802,753,870,1675,5804,0,5804
2021,1,A,골목상권,2110488,우리은행응암동지점,21206,10164,11042,3341,2649,3634,3446,3258,4878,1701,1276,1823,1708,1566,2090,1640,1373,1811,1738,1692,2788,9460,0,9460
2021,1,A,골목상권,2110489,불광역 3번,12802,6170,6632,1103,2057,1828,1825,2142,3847,566,1008,961,943,1035,1657,537,1049,867,882,1107,2190,6973,0,6973
2021,1,A,골목상권,2110490,녹번동근린공원,24910,11884,13026,3050,3504,3912,3884,3984,6576,1519,1647,1974,1985,1917,2842,1531,1857,1938,1899,2067,3734,12051,0,12051
2021,1,A,골목상권,2110491,불광중학교,9994,4819,5175,1418,1293,1357,1607,1685,2634,768,648,689,783,784,1147,650,645,668,824,901,1487,4425,0,4425
2021,1,A,골목상권,2110492,하나고등학교,2712,1341,1371,471,312,304,436,514,675,259,169,145,192,246,330,212,143,159,244,268,345,1028,0,1028
2021,1,A,골목상권,2110493,북가좌초등학교,11676,5646,6030,1951,1525,1509,1873,2029,2789,1012,740,715,932,974,1273,939,785,794,941,1055,1516,4582,0,4582
2021,1,A,골목상권,2110494,증산3교남측,9984,4854,5130,1272,1395,1365,1495,1685,2772,660,731,680,747,799,1237,612,664,685,748,886,1535,4389,0,4389
2021,1,A,골목상권,2110495,북가좌2동주민센터,25754,12575,13179,3204,3595,3401,3941,4243,7370,1687,1803,1754,1951,2068,3312,1517,1792,1647,1990,2175,4058,11714,0,11714
2021,1,A,골목상권,2110496,모래내우체국,32170,15569,16601,4872,4183,4187,5271,5319,8338,2481,2089,2077,2619,2606,3697,2391,2094,2110,2652,2713,4641,13636,0,13636
2021,1,A,골목상권,2110497,가좌역 3번,18523,8933,9590,3977,2017,2794,3508,2594,3633,1996,950,1280,1835,1270,1602,1981,1067,1514,1673,1324,2031,7007,0,7007
2021,1,A,골목상권,2110498,증산역 1번,21979,10815,11164,2292,3154,2918,3218,3738,6659,1174,1592,1555,1624,1846,3024,1118,1562,1363,1594,1892,3635,10838,0,10838
2021,1,A,골목상권,2110499,연가초등학교,29243,14393,14850,4167,4741,3927,4562,4740,7106,2182,2424,2057,2241,2326,3163,1985,2317,1870,2321,2414,3943,13322,0,13322
2021,1,A,골목상권,2110500,남가좌동현대아파트,26525,12792,13733,5728,2685,4305,4946,3598,5263,2836,1321,1968,2602,1763,2302,2892,1364,2337,2344,1835,2961,10014,0,10014
2021,1,A,골목상권,2110501,연희어린이공원,17760,8485,9275,2941,2604,2939,3021,2409,3846,1464,1186,1383,1563,1165,1724,1477,1418,1556,1458,1244,2122,8144,0,8144
2021,1,A,골목상권,2110502,남가좌파출소,31165,15034,16131,6009,3630,4939,5500,4303,6784,3022,1750,2319,2860,2099,2984,2987,1880,2620,2640,2204,3800,12900,0,12900
2021,1,A,골목상권,2110503,명지대학교교회,22260,10869,11391,2949,4341,2898,3281,3543,5248,1514,2154,1549,1611,1719,2322,1435,2187,1349,1670,1824,2926,11036,0,11036
2021,1,A,골목상권,2110504,명지전문대,7684,3790,3894,1369,1118,992,1327,1178,1700,702,576,486,669,596,761,667,542,506,658,582,939,3358,0,3358
2021,1,A,골목상권,2110505,홍남교남측,17929,8687,9242,3339,2020,2717,3175,2529,4149,1675,1032,1275,1651,1251,1803,1664,988,1442,1524,1278,2346,7453,0,7453
2021,1,A,골목상권,2110506,연희임광아파트,7291,3468,3823,546,1607,1445,1041,935,1717,280,755,712,517,455,749,266,852,733,524,480,968,4328,0,4328
2021,1,A,골목상권,2110507,명지대학교,23866,11551,12315,3346,3992,3577,3685,3524,5742,1722,1893,1794,1899,1748,2495,1624,2099,1783,1786,1776,3247,11549,0,11549
2021,1,A,골목상권,2110508,서연중학교,12164,5724,6440,1289,2316,2046,1779,1723,3011,612,1114,1023,836,813,1326,677,1202,1023,943,910,1685,6394,0,6394
2021,1,A,골목상권,2110509,연희대우아파트앞,14918,7310,7608,1351,4616,2946,1800,1669,2536,757,2224,1549,898,804,1078,594,2392,1397,902,865,1458,9536,0,9536
2021,1,A,골목상권,2110510,홍연시장,12242,5848,6394,1580,1823,1824,1890,1843,3282,817,882,894,966,913,1376,763,941,930,924,930,1906,5810,0,5810
2021,1,A,골목상권,2110511,연희초등학교,13163,6583,6580,1194,4192,2280,1601,1598,2298,602,2250,1203,764,758,1006,592,1942,1077,837,840,1292,8101,0,8101
2021,1,A,골목상권,2110512,연희지하차도,14559,6889,7670,1866,2080,1952,2292,2400,3969,959,1030,949,1102,1149,1700,907,1050,1003,1190,1251,2269,6911,0,6911
2021,1,A,골목상권,2110513,연희파출소,8585,4019,4566,1052,1732,1328,1254,1247,1972,529,829,629,564,575,893,523,903,699,690,672,1079,4566,0,4566
2021,1,A,골목상권,2110514,서대문우체국,13166,6591,6575,908,4754,2473,1471,1460,2100,488,2398,1341,755,715,894,420,2356,1132,716,745,1206,8918,0,8918
2021,1,A,골목상권,2110515,홍은중학교,7212,3468,3744,888,974,941,1020,1253,2136,463,526,470,510,580,919,425,448,471,510,673,1217,3115,0,3115
2021,1,A,골목상권,2110516,정원여중,11597,5507,6090,1479,1538,1389,1853,2035,3303,716,788,724,910,987,1382,763,750,665,943,1048,1921,5242,0,5242
2021,1,A,골목상권,2110517,서대문소방서,7925,3693,4232,1194,1208,987,1246,1327,1963,615,571,458,551,608,890,579,637,529,695,719,1073,3604,0,3604
2021,1,A,골목상권,2110518,서대문구청,9657,4518,5139,1297,1447,1216,1507,1627,2563,665,704,575,691,768,1115,632,743,641,816,859,1448,4515,0,4515
2021,1,A,골목상권,2110519,서대문구보건소별관,14051,6592,7459,1991,1797,1719,2254,2396,3894,949,918,851,1097,1130,1647,1042,879,868,1157,1266,2247,6019,0,6019
2021,1,A,골목상권,2110520,경의중앙 신촌역,9524,3959,5565,543,3658,1629,1009,1022,1663,270,1192,806,494,511,686,273,2466,823,515,511,977,7115,0,7115
2021,1,A,골목상권,2110521,홍제역 4번,10621,5050,5571,1194,1471,1319,1498,1900,3239,619,702,659,744,901,1425,575,769,660,754,999,1814,4957,0,4957
2021,1,A,골목상권,2110522,홍제역 3번,13512,6422,7090,1717,1853,1864,2061,2352,3665,884,892,918,1014,1123,1591,833,961,946,1047,1229,2074,6186,0,6186
2021,1,A,골목상권,2110523,홍제성원아파트,8872,4210,4662,1395,1158,1378,1433,1496,2012,712,589,655,689,690,875,683,569,723,744,806,1137,3569,0,3569
2021,1,A,골목상권,2110524,연희세브란스병원,1409,524,885,123,655,211,107,113,200,56,189,89,47,52,91,67,466,122,60,61,109,1026,0,1026
2021,1,A,골목상권,2110525,홍은종합사회복지관,16244,7717,8527,2428,2043,2089,2416,2670,4598,1213,996,1046,1175,1333,1954,1215,1047,1043,1241,1337,2644,6908,0,6908
2021,1,A,골목상권,2110526,봉원사,2588,1051,1537,246,915,377,257,301,492,116,272,167,117,151,228,130,643,210,140,150,264,1701,0,1701
2021,1,A,골목상권,2110527,홍제역 2번,19739,9423,10316,2293,2722,2656,2748,3515,5805,1167,1359,1345,1333,1702,2517,1126,1363,1311,1415,1813,3288,9028,0,9028
2021,1,A,골목상권,2110528,서울여자간호대학교,19451,9398,10053,2660,2503,2323,2855,3335,5775,1373,1269,1201,1386,1699,2470,1287,1234,1122,1469,1636,3305,8619,0,8619
2021,1,A,골목상권,2110529,홍제3동주민센터,18650,9013,9637,2275,2458,2361,2604,3232,5720,1172,1231,1205,1308,1632,2465,1103,1227,1156,1296,1600,3255,8374,0,8374
2021,1,A,골목상권,2110530,아현역 1번,10745,5103,5642,1766,1535,2051,1739,1692,1962,921,662,978,874,811,857,845,873,1073,865,881,1105,4623,0,4623
2021,1,A,골목상권,2110531,홍지문,4088,1942,2146,555,587,524,524,679,1219,253,289,260,258,336,546,302,298,264,266,343,673,1839,0,1839
2021,1,A,골목상권,2110532,아현역 2번,13309,6599,6710,1528,1962,1944,2010,2342,3523,823,1013,998,1032,1207,1526,705,949,946,978,1135,1997,6683,0,6683
2021,1,A,골목상권,2110533,충정로역 7번,13666,6760,6906,1322,2262,1883,1889,2438,3872,681,1134,964,1003,1272,1706,641,1128,919,886,1166,2166,7178,0,7178
2021,1,A,골목상권,2110534,경기대학교,15132,7265,7867,2011,2547,2237,2239,2464,3634,991,1216,1118,1122,1221,1597,1020,1331,1119,1117,1243,2037,7315,0,7315
2021,1,A,골목상권,2110535,영천시장입구,15974,7523,8451,2566,2083,2303,2614,2664,3744,1261,970,1112,1249,1326,1605,1305,1113,1191,1365,1338,2139,7109,0,7109
2021,1,A,골목상권,2110536,돈의문센트레빌아파트입구,9791,4699,5092,1630,1367,1448,1637,1577,2132,805,616,686,795,833,964,825,751,762,842,744,1168,4528,0,4528
2021,1,A,골목상권,2110537,충정로현대아파트,8065,3833,4232,823,1610,1527,1182,1140,1783,400,707,724,619,578,805,423,903,803,563,562,978,4547,0,4547
2021,1,A,골목상권,2110538,충정로역 3번,7629,3611,4018,794,1366,1524,1186,1045,1714,385,583,700,599,545,799,409,783,824,587,500,915,4294,0,4294
2021,1,A,골목상권,2110539,미근동,5523,2647,2876,673,908,1157,1016,727,1042,306,392,546,512,381,510,367,516,611,504,346,532,3157,0,3157
2021,1,A,골목상권,2110540,망원나들목체육관,13804,6580,7224,1853,2104,2505,2266,2048,3028,913,996,1193,1125,1016,1337,940,1108,1312,1141,1032,1691,6419,0,6419
2021,1,A,골목상권,2110541,동교초등학교,25481,11985,13496,3437,3983,4128,4204,3807,5922,1687,1854,1972,2061,1886,2525,1750,2129,2156,2143,1921,3397,11916,0,11916
2021,1,A,골목상권,2110542,마포구청역 7번,24795,11032,13763,2853,4621,4156,3905,3310,5950,1437,1758,1875,1943,1623,2396,1416,2863,2281,1962,1687,3554,12822,0,12822
2021,1,A,골목상권,2110543,중암중학교,7626,3612,4014,1524,949,1254,1417,1194,1288,760,473,588,657,581,553,764,476,666,760,613,735,3019,0,3019
2021,1,A,골목상권,2110544,망리단길,40076,18657,21419,4837,6919,7524,6468,5530,8798,2353,3143,3520,3134,2727,3780,2484,3776,4004,3334,2803,5018,20127,0,20127
2021,1,A,골목상권,2110545,마포구청역 1번,20844,9011,11833,2246,4199,3807,3083,2670,4839,1152,1448,1650,1538,1302,1921,1094,2751,2157,1545,1368,2918,11516,0,11516
2021,1,A,골목상권,2110546,양화대교북단,12079,5711,6368,1644,2082,2502,1855,1547,2449,860,936,1175,908,754,1078,784,1146,1327,947,793,1371,6015,0,6015
2021,1,A,골목상권,2110547,KB국민은행 망원동지점,20203,9443,10760,2531,3486,3438,3329,2953,4466,1259,1586,1638,1593,1466,1901,1272,1900,1800,1736,1487,2565,9843,0,9843
2021,1,A,골목상권,2110548,마포구청역 4번,24246,10510,13736,2543,4948,4320,3690,3095,5650,1261,1761,1885,1803,1512,2288,1282,3187,2435,1887,1583,3362,13475,0,13475
2021,1,A,골목상권,2110549,새터산,22789,10388,12401,2896,4482,4049,3578,3276,4508,1499,1697,1828,1736,1621,2007,1397,2785,2221,1842,1655,2501,11729,0,11729
2021,1,A,골목상권,2110550,합정역 8번,24013,11051,12962,2852,4592,4816,3595,3262,4896,1434,2025,2192,1711,1561,2128,1418,2567,2624,1884,1701,2768,12330,0,12330
2021,1,A,골목상권,2110551,성서초등학교,17709,8162,9547,2333,2992,3068,3099,2493,3724,1128,1355,1429,1439,1226,1585,1205,1637,1639,1660,1267,2139,8669,0,8669
2021,1,A,골목상권,2110552,성미산체육관,17055,7753,9302,2011,3280,3236,2722,2444,3362,1011,1314,1488,1314,1165,1461,1000,1966,1748,1408,1279,1901,8824,0,8824
2021,1,A,골목상권,2110553,가좌역 2번,17835,8598,9237,2562,2816,2723,2853,2877,4004,1359,1297,1335,1420,1405,1782,1203,1519,1388,1433,1472,2222,7922,0,7922
2021,1,A,골목상권,2110554,망원역 1번,18873,8583,10290,1973,3558,3777,3206,2467,3892,950,1546,1717,1514,1181,1675,1023,2012,2060,1692,1286,2217,10365,0,10365
2021,1,A,골목상권,2110555,홍익지구대,11990,5399,6591,1160,2471,2483,1813,1610,2453,553,1049,1105,873,762,1057,607,1422,1378,940,848,1396,6724,0,6724
2021,1,A,골목상권,2110556,절두산순교성지,3922,1862,2060,303,718,852,559,525,965,168,345,430,281,247,391,135,373,422,278,278,574,2181,0,2181
2021,1,A,골목상권,2110557,홍대부속여중고앞,16120,7420,8700,1725,2996,3087,2807,2212,3293,829,1332,1434,1322,1058,1445,896,1664,1653,1485,1154,1848,8771,0,8771
2021,1,A,골목상권,2110558,경성고등학교,24082,11348,12734,2733,4334,4351,3802,3479,5383,1370,1966,2135,1897,1619,2361,1363,2368,2216,1905,1860,3022,12185,0,12185
2021,1,A,골목상권,2110559,성산중학교,11574,5255,6319,860,2894,2560,1481,1518,2261,415,1212,1210,731,716,971,445,1682,1350,750,802,1290,6752,0,6752
2021,1,A,골목상권,2110560,마포FM,11903,5557,6346,1203,2410,2347,1984,1534,2425,594,1120,1097,970,721,1055,609,1290,1250,1014,813,1370,6607,0,6607
2021,1,A,골목상권,2110561,상수역 4번,8527,3982,4545,815,1972,1753,1255,1066,1666,398,873,840,637,505,729,417,1099,913,618,561,937,4830,0,4830
2021,1,A,골목상권,2110562,연트럴파크(연남동주민센터),14908,7039,7869,1312,3205,3019,2173,1882,3317,689,1473,1479,1061,894,1443,623,1732,1540,1112,988,1874,8612,0,8612
2021,1,A,골목상권,2110563,상수역 3번,8847,4196,4651,1160,1747,1626,1430,1216,1668,616,804,747,706,560,763,544,943,879,724,656,905,4363,0,4363
2021,1,A,골목상권,2110564,홍대입구역 3번,9494,4548,4946,1070,2242,1964,1306,1090,1822,594,1034,971,664,515,770,476,1208,993,642,575,1052,5636,0,5636
2021,1,A,골목상권,2110565,홍익대,8999,4339,4660,910,2244,1424,1202,1411,1808,466,1107,730,579,661,796,444,1137,694,623,750,1012,4866,0,4866
2021,1,A,골목상권,2110566,경의선책거리,13369,6448,6921,1056,4018,2619,1750,1631,2295,543,1926,1366,862,775,976,513,2092,1253,888,856,1319,8507,0,8507
2021,1,A,골목상권,2110567,광흥창역 6번,10453,4920,5533,1998,1386,1648,2032,1517,1872,1036,621,734,966,731,832,962,765,914,1066,786,1040,4345,0,4345
2021,1,A,골목상권,2110568,광흥창역 1번,15677,7451,8226,2766,2040,2678,2811,2395,2987,1398,949,1266,1340,1168,1330,1368,1091,1412,1471,1227,1657,6380,0,6380
2021,1,A,골목상권,2110569,홍대땡땡거리,14882,7220,7662,1529,3897,2823,2020,2095,2518,804,1884,1412,986,1032,1102,725,2013,1411,1034,1063,1416,8405,0,8405
2021,1,A,골목상권,2110570,KB국민은행 서강지점,10510,5042,5468,1699,1350,1722,1910,1616,2213,877,651,814,912,821,967,822,699,908,998,795,1246,4604,0,4604
2021,1,A,골목상권,2110571,신수동주민센터,19228,9285,9943,2915,2865,2889,3411,2948,4200,1519,1427,1387,1602,1487,1863,1396,1438,1502,1809,1461,2337,8855,0,8855
2021,1,A,골목상권,2110572,서강대역 1번,24855,12226,12629,3318,4874,4020,3913,3727,5003,1760,2491,1971,1886,1897,2221,1558,2383,2049,2027,1830,2782,12273,0,12273
2021,1,A,골목상권,2110573,신촌역 6번,5582,2760,2822,420,1483,959,732,693,1295,225,709,516,364,377,569,195,774,443,368,316,726,3548,0,3548
2021,1,A,골목상권,2110574,서강대학교,5615,2888,2727,776,1183,770,940,839,1107,426,681,394,456,442,489,350,502,376,484,397,618,2897,0,2897
2021,1,A,골목상권,2110575,대흥동주민센터,11959,5204,6755,971,4034,2119,1419,1399,2017,492,1423,1052,689,703,845,479,2611,1067,730,696,1172,8013,0,8013
2021,1,A,골목상권,2110576,대흥역 3번,18898,9093,9805,3337,2591,2656,3392,2787,4135,1662,1285,1252,1703,1381,1810,1675,1306,1404,1689,1406,2325,8385,0,8385
2021,1,A,골목상권,2110577,용강동주민센터,17686,8318,9368,3797,1741,2822,3712,2361,3253,1832,805,1254,1818,1160,1449,1965,936,1568,1894,1201,1804,7148,0,7148
2021,1,A,골목상권,2110578,대흥역 2번,18123,8810,9313,3288,2546,2728,3340,2719,3502,1651,1291,1318,1663,1380,1507,1637,1255,1410,1677,1339,1995,8027,0,8027
2021,1,A,골목상권,2110579,마포역 4번,8496,4041,4455,1186,1126,1800,1402,1239,1743,621,544,851,649,594,782,565,582,949,753,645,961,3978,0,3978
2021,1,A,골목상권,2110580,양원초등학교,9847,4587,5260,1080,2333,1687,1338,1403,2006,559,930,855,671,717,855,521,1403,832,667,686,1151,5751,0,5751
2021,1,A,골목상권,2110581,염리초등학교,9185,4230,4955,1856,1036,1631,1928,1168,1566,892,432,695,949,573,689,964,604,936,979,595,877,3948,0,3948
2021,1,A,골목상권,2110582,이대역 5번,10721,4596,6125,1185,3248,1879,1308,1363,1738,593,1042,903,638,682,738,592,2206,976,670,681,1000,6407,0,6407
2021,1,A,골목상권,2110583,공덕래미안3차아파트,12810,6021,6789,1971,1587,2731,2103,1844,2574,983,711,1274,1054,908,1091,988,876,1457,1049,936,1483,5793,0,5793
2021,1,A,골목상권,2110584,아현역 4번,11199,5302,5897,1816,1636,2130,1770,1735,2112,942,687,1022,900,828,923,874,949,1108,870,907,1189,4960,0,4960
2021,1,A,골목상권,2110585,마포경찰서,18126,8511,9615,3264,2287,3956,3075,2587,2957,1581,962,1796,1586,1253,1333,1683,1325,2160,1489,1334,1624,7648,0,7648
2021,1,A,골목상권,2110586,서울서부지방법원,26099,12136,13963,3612,4307,5184,4060,3945,4991,1839,1732,2384,1995,1964,2222,1773,2575,2800,2065,1981,2769,12852,0,12852
2021,1,A,골목상권,2110587,공덕동주민센터,20407,9678,10729,2332,3678,3411,3026,3406,4554,1199,1578,1700,1495,1701,2005,1133,2100,1711,1531,1705,2549,10673,0,10673
2021,1,A,골목상권,2110588,한겨레신문사,16645,7865,8780,1932,2961,2578,2507,2820,3847,984,1283,1293,1219,1391,1695,948,1678,1285,1288,1429,2152,8490,0,8490
2021,1,A,골목상권,2110589,애오개역 3번,20797,10058,10739,2870,3051,3564,3156,3577,4579,1507,1465,1767,1596,1729,1994,1363,1586,1797,1560,1848,2585,9550,0,9550
2021,1,A,골목상권,2110590,만리재,16908,8167,8741,1836,3004,2348,2549,3093,4078,967,1402,1243,1256,1527,1772,869,1602,1105,1293,1566,2306,8726,0,8726
2021,1,A,골목상권,2110591,충정로역 6번,18788,9138,9650,2127,2838,3203,2708,3122,4790,1096,1381,1566,1412,1576,2107,1031,1457,1637,1296,1546,2683,9361,0,9361
2021,1,A,골목상권,2110592,서울금융고등학교,10822,5633,5189,1111,1396,1339,1535,2110,3331,583,719,759,827,1136,1609,528,677,580,708,974,1722,5598,0,5598
2021,1,A,골목상권,2110593,신월3동주민센터,17400,9168,8232,1847,2145,2083,2492,3457,5376,983,1101,1165,1386,1892,2641,864,1044,918,1106,1565,2735,9244,0,9244
2021,1,A,골목상권,2110594,신월중학교,13373,6724,6649,2476,1942,1876,2030,2117,2932,1288,1062,969,985,1034,1386,1188,880,907,1045,1083,1546,5177,0,5177
2021,1,A,골목상권,2110595,메디힐병원,24823,12510,12313,3189,3527,3508,3618,4313,6668,1640,1812,1894,1868,2143,3153,1549,1715,1614,1750,2170,3515,11758,0,11758
2021,1,A,골목상권,2110596,서서울호수공원,20894,10705,10189,2473,2685,2676,3078,3972,6010,1325,1371,1407,1672,2078,2852,1148,1314,1269,1406,1894,3158,10070,0,10070
2021,1,A,골목상권,2110597,신월1동주민센터,29013,14711,14302,3288,3823,3891,4281,5256,8474,1681,1943,2106,2257,2696,4028,1607,1880,1785,2024,2560,4446,14198,0,14198
2021,1,A,골목상권,2110598,신월문화체육센터,20675,10133,10542,2539,2666,2690,3017,3610,6153,1299,1408,1413,1563,1762,2688,1240,1258,1277,1454,1848,3465,9227,0,9227
2021,1,A,골목상권,2110599,신월1파출소,20506,10384,10122,2321,2755,2797,2987,3725,5921,1187,1409,1528,1551,1915,2794,1134,1346,1269,1436,1810,3127,10065,0,10065
2021,1,A,골목상권,2110600,신월7동주민센터,21941,10742,11199,2909,2868,2881,3359,3713,6211,1524,1483,1478,1732,1822,2703,1385,1385,1403,1627,1891,3508,9464,0,9464
2021,1,A,골목상권,2110601,신월1동우편취급국,26492,13333,13159,3231,3687,4163,4056,4319,7036,1643,1873,2224,2148,2186,3259,1588,1814,1939,1908,2133,3777,12628,0,12628
2021,1,A,골목상권,2110602,신월시영아파트중문,17010,8284,8726,2373,2216,2237,2515,2935,4734,1222,1123,1137,1264,1450,2088,1151,1093,1100,1251,1485,2646,7170,0,7170
2021,1,A,골목상권,2110603,지향초등학교,20529,9961,10568,4184,2549,3001,3568,3246,3981,2102,1282,1470,1723,1589,1795,2082,1267,1531,1845,1657,2186,7618,0,7618
2021,1,A,골목상권,2110604,신월4동주민센터,27722,13737,13985,4138,3352,3722,4491,4472,7547,2138,1762,1896,2317,2219,3405,2000,1590,1826,2174,2253,4142,11402,0,11402
2021,1,A,골목상권,2110605,목동센트럴아이파크앞,17877,8742,9135,3386,2206,2741,2898,2935,3711,1687,1120,1368,1423,1446,1698,1699,1086,1373,1475,1489,2013,6733,0,6733
2021,1,A,골목상권,2110606,신한은행 신월동지점,26468,12928,13540,4261,3303,3928,4108,4202,6666,2173,1654,1955,2072,2037,3037,2088,1649,1973,2036,2165,3629,10384,0,10384
2021,1,A,골목상권,2110607,금빛새마을금고본점,19542,9610,9932,3215,2485,3071,3090,3067,4614,1650,1282,1537,1557,1461,2123,1565,1203,1534,1533,1606,2491,7471,0,7471
2021,1,A,골목상권,2110608,신월2동주민센터,28800,14206,14594,3994,3803,4213,4500,4461,7829,2043,1893,2210,2307,2159,3594,1951,1910,2003,2193,2302,4235,12415,0,12415
2021,1,A,골목상권,2110609,신정네거리역 2번,16780,8205,8575,2335,2363,2313,2623,2772,4374,1183,1169,1176,1304,1354,2019,1152,1194,1137,1319,1418,2355,7203,0,7203
2021,1,A,골목상권,2110610,계남근린공원,13030,6588,6442,1904,1555,1863,2025,2171,3512,980,899,950,1075,1043,1641,924,656,913,950,1128,1871,5673,0,5673
2021,1,A,골목상권,2110611,신정역 1번,26674,13302,13372,3186,4010,4112,4216,4192,6958,1664,1978,2249,2150,2058,3203,1522,2032,1863,2066,2134,3755,12695,0,12695
2021,1,A,골목상권,2110612,신정역 5번,28303,13982,14321,4005,4204,4030,4767,4487,6810,2060,2011,2129,2396,2247,3139,1945,2193,1901,2371,2240,3671,13305,0,13305
2021,1,A,골목상권,2110613,신정네거리역 4번,13055,6447,6608,2978,1414,1388,2643,2131,2501,1559,719,633,1281,1100,1155,1419,695,755,1362,1031,1346,4842,0,4842
2021,1,A,골목상권,2110614,목동로데오거리,14887,7395,7492,1705,2237,2361,2300,2410,3874,862,1148,1252,1174,1194,1765,843,1089,1109,1126,1216,2109,7203,0,7203
2021,1,A,골목상권,2110615,신서초등학교,11481,5521,5960,2350,1469,1321,2145,1915,2281,1192,708,585,1027,967,1042,1158,761,736,1118,948,1239,4386,0,4386
2021,1,A,골목상권,2110616,양목초등학교,8937,4188,4749,1481,1380,1201,1536,1490,1849,734,637,592,702,696,827,747,743,609,834,794,1022,3867,0,3867
2021,1,A,골목상권,2110617,등촌역 4번,24290,11604,12686,3100,3885,4146,3463,4001,5695,1643,1902,2055,1654,1812,2538,1457,1983,2091,1809,2189,3157,10770,0,10770
2021,1,A,골목상권,2110618,강서고등학교,31214,15206,16008,5128,4903,4156,5086,5589,6352,2706,2541,2063,2332,2701,2863,2422,2362,2093,2754,2888,3489,12808,0,12808
2021,1,A,골목상권,2110619,목4동주민센터,17804,8576,9228,3409,2559,2158,3239,3167,3272,1658,1292,1051,1506,1557,1512,1751,1267,1107,1733,1610,1760,6970,0,6970
2021,1,A,골목상권,2110620,목동보건지소,39103,19225,19878,7184,5941,4907,6746,7061,7264,3879,3192,2410,3033,3431,3280,3305,2749,2497,3713,3630,3984,15100,0,15100
2021,1,A,골목상권,2110621,목동역 5번,16459,7891,8568,4065,2003,1822,3579,2711,2279,2043,962,784,1614,1381,1107,2022,1041,1038,1965,1330,1172,5510,0,5510
2021,1,A,골목상권,2110622,달마을공원,25925,12340,13585,3160,4390,4661,3574,4253,5887,1650,2071,2320,1689,1955,2655,1510,2319,2341,1885,2298,3232,11595,0,11595
2021,1,A,골목상권,2110623,갈산공원,13272,6577,6695,2290,1776,1468,2170,2370,3198,1189,954,734,1090,1170,1440,1101,822,734,1080,1200,1758,5240,0,5240
2021,1,A,골목상권,2110624,목동문화체육센터,20140,9921,10219,3508,3113,2749,3382,3589,3799,1871,1634,1380,1582,1719,1735,1637,1479,1369,1800,1870,2064,7732,0,7732
2021,1,A,골목상권,2110625,신정2동주민센터,27018,13166,13852,6138,3469,2649,5228,4730,4804,3097,1786,1205,2361,2447,2270,3041,1683,1444,2867,2283,2534,9341,0,9341
2021,1,A,골목상권,2110626,양화초등학교,24655,11736,12919,2946,4451,4687,3464,3880,5227,1528,1999,2348,1692,1805,2364,1418,2452,2339,1772,2075,2863,11455,0,11455
2021,1,A,골목상권,2110627,신정롯데캐슬아파트,25944,12632,13312,5470,3315,2464,4913,4602,5180,2795,1710,1162,2253,2348,2364,2675,1605,1302,2660,2254,2816,9466,0,9466
2021,1,A,골목상권,2110628,신목동역,8996,4366,4630,1277,1590,1775,1415,1291,1648,654,729,889,703,618,773,623,861,886,712,673,875,4252,0,4252
2021,1,A,골목상권,2110629,송정역 4번,7482,3750,3732,612,1650,1458,981,1044,1737,319,753,796,533,520,829,293,897,662,448,524,908,4600,0,4600
2021,1,A,골목상권,2110630,공항시장역 1번,18179,8968,9211,1958,2979,2856,2465,2945,4976,1007,1397,1547,1304,1486,2227,951,1582,1309,1161,1459,2749,9630,0,9630
2021,1,A,골목상권,2110631,방화초등학교,21471,10487,10984,2761,2660,3144,3057,3569,6280,1429,1367,1633,1575,1720,2763,1332,1293,1511,1482,1849,3517,9897,0,9897
2021,1,A,골목상권,2110632,방화역 3번,18958,9232,9726,2285,2404,3051,2903,3015,5300,1180,1183,1573,1471,1459,2366,1105,1221,1478,1432,1556,2934,9192,0,9192
2021,1,A,골목상권,2110633,개화산역 1번,12671,6249,6422,1691,1681,1989,1881,2036,3393,852,831,1041,961,1003,1561,839,850,948,920,1033,1832,5659,0,5659
2021,1,A,골목상권,2110634,송정역 3번,20763,10630,10133,2682,3234,3960,3152,3117,4618,1386,1642,2111,1711,1598,2182,1296,1592,1849,1441,1519,2436,10581,0,10581
2021,1,A,골목상권,2110635,공항시장역 3번,18273,9073,9200,2607,2627,2929,2721,2791,4598,1295,1234,1531,1480,1381,2152,1312,1393,1398,1241,1410,2446,8836,0,8836
2021,1,A,골목상권,2110636,방화역 2번,16247,8018,8229,2290,2000,2681,2599,2540,4137,1130,1008,1355,1336,1254,1935,1160,992,1326,1263,1286,2202,7413,0,7413
2021,1,A,골목상권,2110637,송정역 2번,12686,6290,6396,1940,1940,2249,1891,1750,2916,976,915,1161,1011,870,1357,964,1025,1088,880,880,1559,6151,0,6151
2021,1,A,골목상권,2110638,신방화역 2번,29401,14409,14992,4056,3892,4523,4396,4552,7982,2042,1870,2356,2272,2242,3627,2014,2022,2167,2124,2310,4355,13538,0,13538
2021,1,A,골목상권,2110639,신방화역 8번,20116,9852,10264,3030,2698,3067,3122,3089,5110,1510,1248,1592,1662,1517,2323,1520,1450,1475,1460,1572,2787,9406,0,9406
2021,1,A,골목상권,2110640,방화역 1번,19430,9516,9914,2690,2288,3255,3076,2967,5154,1373,1167,1652,1530,1444,2350,1317,1121,1603,1546,1523,2804,8951,0,8951
2021,1,A,골목상권,2110641,공항고등학교,18354,8914,9440,2809,1992,2969,2848,2682,5054,1400,1016,1503,1456,1310,2229,1409,976,1466,1392,1372,2825,8098,0,8098
2021,1,A,골목상권,2110642,정곡초등학교,6574,3212,3362,944,778,1150,1008,1006,1688,471,410,590,523,474,744,473,368,560,485,532,944,2954,0,2954
2021,1,A,골목상권,2110643,강서구다솔마을,15874,7922,7952,3595,1786,2851,2972,2114,2556,1843,886,1383,1564,1072,1174,1752,900,1468,1408,1042,1382,6247,0,6247
2021,1,A,골목상권,2110644,신광명마을,4825,2405,2420,947,637,638,792,755,1056,496,379,317,397,358,458,451,258,321,395,397,598,1842,0,1842
2021,1,A,골목상권,2110645,우장산역 4번,30749,14378,16371,6439,3970,3631,5871,4750,6088,3079,1871,1739,2697,2330,2662,3360,2099,1892,3174,2420,3426,11509,0,11509
2021,1,A,골목상권,2110646,푸른들청소년도서관,34423,16497,17926,5136,4972,5175,5430,5256,8454,2599,2337,2550,2595,2521,3895,2537,2635,2625,2835,2735,4559,14699,0,14699
2021,1,A,골목상권,2110647,화곡역 5번,34122,16523,17599,3942,5580,6067,5106,5255,8172,1962,2578,3169,2593,2491,3730,1980,3002,2898,2513,2764,4442,16570,0,16570
2021,1,A,골목상권,2110648,양천향교역 7번,13780,6256,7524,790,3680,3580,1557,1598,2575,397,1242,1845,848,773,1151,393,2438,1735,709,825,1424,9716,0,9716
2021,1,A,골목상권,2110649,우장산역 1번,21464,10143,11321,4951,2645,2443,4446,3260,3719,2333,1234,1167,2009,1694,1706,2618,1411,1276,2437,1566,2013,7748,0,7748
2021,1,A,골목상권,2110650,우장산힐스테이트,14428,6847,7581,3334,1768,1583,2992,2212,2539,1536,845,766,1375,1128,1197,1798,923,817,1617,1084,1342,5029,0,5029
2021,1,A,골목상권,2110651,화원중학교,33477,16404,17073,3975,5138,5747,4996,5213,8408,1983,2496,3059,2542,2466,3858,1992,2642,2688,2454,2747,4550,15533,0,15533
2021,1,A,골목상권,2110652,양천향교역 2번,10991,5171,5820,975,2714,2807,1413,1396,1686,520,950,1448,746,670,837,455,1764,1359,667,726,849,6580,0,6580
2021,1,A,골목상권,2110653,화곡역 2번,24592,11697,12895,3379,3991,4496,3934,3520,5272,1702,1769,2230,1926,1674,2396,1677,2222,2266,2008,1846,2876,11533,0,11533
2021,1,A,골목상권,2110654,까치산역 4번,46883,22796,24087,4667,8190,8952,6717,6964,11393,2382,3759,4756,3484,3308,5107,2285,4431,4196,3233,3656,6286,24259,0,24259
2021,1,A,골목상권,2110655,발산역 5번,13392,6363,7029,2462,1987,2000,2416,1939,2588,1196,830,1002,1137,1001,1197,1266,1157,998,1279,938,1391,5853,0,5853
2021,1,A,골목상권,2110656,까치산역 3번,34424,16878,17546,3313,6086,6945,5008,4789,8283,1691,2760,3702,2654,2336,3735,1622,3326,3243,2354,2453,4548,18578,0,18578
2021,1,A,골목상권,2110657,양천향교역 5번,22375,10369,12006,2354,4812,4711,2884,3140,4474,1195,1820,2348,1448,1516,2042,1159,2992,2363,1436,1624,2432,12883,0,12883
2021,1,A,골목상권,2110658,화곡초등학교,27028,13197,13831,3492,4460,5055,4316,3821,5884,1865,2110,2691,2203,1791,2537,1627,2350,2364,2113,2030,3347,13610,0,13610
2021,1,A,골목상권,2110659,화곡역 4번,53751,26223,27528,7024,8940,9931,8400,7854,11602,3692,4295,5265,4284,3613,5074,3332,4645,4666,4116,4241,6528,25547,0,25547
2021,1,A,골목상권,2110660,등촌3동주민센터,26923,12734,14189,3596,4636,4647,3644,4066,6334,1909,2014,2254,1754,1929,2874,1687,2622,2393,1890,2137,3460,12896,0,12896
2021,1,A,골목상권,2110661,강서새말어린이공원,11138,5388,5750,1332,2027,1933,1666,1761,2419,708,925,969,845,850,1091,624,1102,964,821,911,1328,5501,0,5501
2021,1,A,골목상권,2110662,까치산역 1번,47156,22762,24394,5785,7716,8286,7406,7046,10917,2937,3678,4339,3746,3238,4824,2848,4038,3947,3660,3808,6093,22136,0,22136
2021,1,A,골목상권,2110663,우장산롯데캐슬아파트앞,12019,5720,6299,1296,2472,2214,1665,1822,2550,700,1029,1071,840,875,1205,596,1443,1143,825,947,1345,6265,0,6265
2021,1,A,골목상권,2110664,강서구청옆,11317,5491,5826,1253,2261,2149,1726,1584,2344,660,974,1089,913,785,1070,593,1287,1060,813,799,1274,6206,0,6206
2021,1,A,골목상권,2110665,곰달래도서관,31237,15210,16027,3809,4670,5298,4991,4613,7856,1960,2239,2782,2570,2142,3517,1849,2431,2516,2421,2471,4339,14958,0,14958
2021,1,A,골목상권,2110666,KC대학교,9333,4713,4620,1082,1294,1418,1422,1559,2558,592,697,789,739,757,1139,490,597,629,683,802,1419,4639,0,4639
2021,1,A,골목상권,2110667,가양역 10번,18680,8757,9923,1355,2713,3431,2005,2949,6227,707,1268,1737,999,1361,2685,648,1445,1694,1006,1588,3542,10526,0,10526
2021,1,A,골목상권,2110668,화곡2동주민센터,39024,18801,20223,5040,5669,6432,6316,5991,9576,2525,2783,3342,3198,2766,4187,2515,2886,3090,3118,3225,5389,18102,0,18102
2021,1,A,골목상권,2110669,화곡보람2차아파트,9081,4197,4884,873,2173,1964,1184,1162,1725,471,805,954,614,554,799,402,1368,1010,570,608,926,5212,0,5212
2021,1,A,골목상권,2110670,신곡초등학교,27045,13198,13847,3821,3892,4207,4455,4327,6343,1964,1944,2186,2260,2065,2779,1857,1948,2021,2195,2262,3564,11973,0,11973
2021,1,A,골목상권,2110671,등촌1동주민센터,32337,15169,17168,3502,6306,7950,4324,4207,6048,1899,2569,3830,2153,2008,2710,1603,3737,4120,2171,2199,3338,17267,0,17267
2021,1,A,골목상권,2110672,백석중학교,13214,6495,6719,1913,2039,1991,1890,2209,3172,1036,1045,999,918,1017,1480,877,994,992,972,1192,1692,5291,0,5291
2021,1,A,골목상권,2110673,뜸부기어린이공원,23332,11342,11990,2767,3332,3647,3655,3825,6106,1402,1670,1911,1876,1790,2693,1365,1662,1736,1779,2035,3413,10927,0,10927
2021,1,A,골목상권,2110674,강서구청가양동별관,12060,5670,6390,1001,1471,2347,1510,1780,3951,522,706,1211,805,851,1575,479,765,1136,705,929,2376,6401,0,6401
2021,1,A,골목상권,2110675,화곡4동주민센터,28427,13812,14615,3687,4275,4542,4395,4721,6807,1958,2191,2265,2200,2225,2973,1729,2084,2277,2195,2496,3834,12755,0,12755
2021,1,A,골목상권,2110676,등촌역 7번,14179,6698,7481,1563,2704,3090,1995,1988,2839,818,1135,1524,1014,925,1282,745,1569,1566,981,1063,1557,7281,0,7281
2021,1,A,골목상권,2110677,등촌역 1번,19197,9229,9968,3323,3028,3675,3187,2785,3199,1736,1345,1728,1548,1376,1496,1587,1683,1947,1639,1409,1703,8075,0,8075
2021,1,A,골목상권,2110678,염창무학아파트,13329,6490,6839,2553,1848,2491,2310,1908,2219,1311,830,1207,1151,914,1077,1242,1018,1284,1159,994,1142,5204,0,5204
2021,1,A,골목상권,2110679,염창역 2번,14485,6960,7525,2276,2444,2949,2176,2083,2557,1193,1035,1429,1083,996,1224,1083,1409,1520,1093,1087,1333,6384,0,6384
2021,1,A,골목상권,2110680,온수역 5번(온수산업단지),7757,3907,3850,1160,929,1183,1299,1154,2032,669,484,586,679,551,938,491,445,597,620,603,1094,3163,0,3163
2021,1,A,골목상권,2110681,온수역 1번,5965,2957,3008,766,800,941,916,947,1595,425,403,496,467,438,728,341,397,445,449,509,867,2598,0,2598
2021,1,A,골목상권,2110682,온수역 8번,8283,4129,4154,1245,1089,1239,1315,1340,2055,692,566,633,656,627,955,553,523,606,659,713,1100,3378,0,3378
2021,1,A,골목상권,2110683,오류고등학교,9322,4590,4732,1374,1263,1193,1421,1659,2412,704,677,628,666,791,1124,670,586,565,755,868,1288,3756,0,3756
2021,1,A,골목상권,2110684,서울공연예술고등학교,10291,5070,5221,1555,1386,1320,1544,1851,2635,803,742,687,730,876,1232,752,644,633,814,975,1403,4106,0,4106
2021,1,A,골목상권,2110685,금강수목원아파트,7879,3874,4005,1167,1104,1412,1228,1207,1761,613,529,729,622,561,820,554,575,683,606,646,941,3346,0,3346
2021,1,A,골목상권,2110686,수궁동주민센터,20535,10095,10440,2845,2844,2819,3133,3457,5437,1485,1480,1476,1537,1622,2495,1360,1364,1343,1596,1835,2942,8748,0,8748
2021,1,A,골목상권,2110687,천왕역 3번(오류2동주민센터 서울오류남초등학교),10808,5174,5634,1727,1312,1490,1779,1641,2859,854,653,712,903,780,1272,873,659,778,876,861,1587,4575,0,4575
2021,1,A,골목상권,2110688,오류지구대,16342,8022,8320,2042,2626,2663,2516,2486,4009,1040,1248,1376,1277,1214,1867,1002,1378,1287,1239,1272,2142,7805,0,7805
2021,1,A,골목상권,2110689,오류동역 3번,26304,12931,13373,2925,4510,4851,3691,3646,6681,1483,2020,2540,1920,1831,3137,1442,2490,2311,1771,1815,3544,13361,0,13361
2021,1,A,골목상권,2110690,오류2동버들시장,29604,14408,15196,3673,4652,5291,4307,4091,7590,1917,2119,2713,2251,2001,3407,1756,2533,2578,2056,2090,4183,14703,0,14703
2021,1,A,골목상권,2110691,개봉중학교,17505,8782,8723,2193,2233,2255,2501,3070,5253,1115,1200,1192,1301,1524,2450,1078,1033,1063,1200,1546,2803,7935,0,7935
2021,1,A,골목상권,2110692,큰굴다리,20150,10030,10120,2426,3157,3501,2789,3037,5240,1256,1482,1818,1488,1543,2443,1170,1675,1683,1301,1494,2797,9870,0,9870
2021,1,A,골목상권,2110693,오류동역 4번,9070,4417,4653,856,1844,2103,1132,1041,2094,458,753,1075,606,561,964,398,1091,1028,526,480,1130,5306,0,5306
2021,1,A,골목상권,2110694,세곡초등학교,24426,12162,12264,3227,3167,3065,3676,4326,6965,1637,1667,1590,1859,2156,3253,1590,1500,1475,1817,2170,3712,11151,0,11151
2021,1,A,골목상권,2110695,개봉1동주민센터,27200,13578,13622,3421,3705,4272,3732,4592,7478,1755,1826,2272,1955,2310,3460,1666,1879,2000,1777,2282,4018,12875,0,12875
2021,1,A,골목상권,2110696,오류동역 1번,26079,12825,13254,3220,3528,4754,3519,3884,7174,1656,1719,2500,1833,1837,3280,1564,1809,2254,1686,2047,3894,11312,0,11312
2021,1,A,골목상권,2110697,개봉3동주민센터,13473,6672,6801,1768,1678,1713,2116,2247,3951,922,870,892,1094,1076,1818,846,808,821,1022,1171,2133,5590,0,5590
2021,1,A,골목상권,2110698,개웅초등학교(개웅중학교),25744,12580,13164,3155,3374,3355,3922,4500,7438,1644,1716,1751,2016,2117,3336,1511,1658,1604,1906,2383,4102,11096,0,11096
2021,1,A,골목상권,2110699,덕의초등학교,16530,8137,8393,2778,2093,2082,2735,2795,4047,1405,1087,1014,1383,1381,1867,1373,1006,1068,1352,1414,2180,6624,0,6624
2021,1,A,골목상권,2110700,고척초등학교,27145,13484,13661,3852,3729,3866,3956,4696,7046,1988,1865,2002,1994,2318,3317,1864,1864,1864,1962,2378,3729,11428,0,11428
2021,1,A,골목상권,2110701,고척동성당,16085,7808,8277,2764,2081,2105,2700,2733,3702,1402,1051,1014,1319,1340,1682,1362,1030,1091,1381,1393,2020,6215,0,6215
2021,1,A,골목상권,2110702,개봉초등학교,17569,8509,9060,2595,2065,2455,2738,2797,4919,1331,1044,1238,1362,1314,2220,1264,1021,1217,1376,1483,2699,7043,0,7043
2021,1,A,골목상권,2110703,개봉역,33021,16140,16881,5137,4086,5164,5027,5060,8547,2613,2008,2549,2542,2403,4025,2524,2078,2615,2485,2657,4522,12542,0,12542
2021,1,A,골목상권,2110704,고척중학교,7707,3815,3892,1185,1084,1074,1200,1222,1942,579,561,542,616,579,938,606,523,532,584,643,1004,3122,0,3122
2021,1,A,골목상권,2110705,고산초등학교,6777,3389,3388,920,993,980,1001,1067,1816,462,518,513,521,511,864,458,475,467,480,556,952,2921,0,2921
2021,1,A,골목상권,2110706,그라운드 고척,13854,6962,6892,1832,2133,1759,2035,2351,3744,948,1122,928,1047,1156,1761,884,1011,831,988,1195,1983,5954,0,5954
2021,1,A,골목상권,2110707,구로창업지원센터,20633,10179,10454,4240,2412,3256,3839,2908,3978,2125,1208,1582,1899,1483,1882,2115,1204,1674,1940,1425,2096,7737,0,7737
2021,1,A,골목상권,2110708,화원어린이공원,8949,4500,4449,1041,1275,1177,1345,1669,2442,557,657,617,717,854,1098,484,618,560,628,815,1344,4226,0,4226
2021,1,A,골목상권,2110709,구로119안전센터,13032,6517,6515,1458,1533,1697,1925,2425,3994,736,770,909,1030,1294,1778,722,763,788,895,1131,2216,6768,0,6768
2021,1,A,골목상권,2110710,남구로역 3번,21190,10941,10249,1584,2900,2384,2848,4144,7330,835,1575,1377,1562,2242,3350,749,1325,1007,1286,1902,3980,12164,0,12164
2021,1,A,골목상권,2110711,구로초등학교,20201,10152,10049,2074,2717,2516,2932,3809,6153,1075,1394,1353,1558,2000,2772,999,1323,1163,1374,1809,3381,10266,0,10266
2021,1,A,골목상권,2110712,남구로역 5번,24707,12337,12370,2563,2797,3192,3784,4413,7958,1347,1534,1685,2010,2264,3497,1216,1263,1507,1774,2149,4461,12523,0,12523
2021,1,A,골목상권,2110713,구로보건소,28517,13860,14657,3561,4524,4912,4096,4569,6855,1801,2073,2437,2095,2289,3165,1760,2451,2475,2001,2280,3690,13557,0,13557
2021,1,A,골목상권,2110714,구로4동주민센터,28348,13902,14446,3207,3314,3856,4417,4863,8691,1670,1623,1968,2269,2482,3890,1537,1691,1888,2148,2381,4801,14323,0,14323
2021,1,A,골목상권,2110715,구로구민회관,12582,6123,6459,1142,2625,2365,1840,1930,2680,583,1035,1205,970,1081,1249,559,1590,1160,870,849,1431,7588,0,7588
2021,1,A,골목상권,2110716,구로나눔길,12483,6044,6439,1108,2119,1765,1735,2193,3563,556,920,922,868,1166,1612,552,1199,843,867,1027,1951,7027,0,7027
2021,1,A,골목상권,2110717,남구로역 2번,29355,14861,14494,2942,4394,4370,4528,4920,8201,1525,2193,2337,2442,2676,3688,1417,2201,2033,2086,2244,4513,16099,0,16099
2021,1,A,골목상권,2110718,한국SGI본부,22040,10637,11403,2647,3851,4263,2958,3348,4973,1367,1634,2103,1491,1666,2376,1280,2217,2160,1467,1682,2597,10454,0,10454
2021,1,A,골목상권,2110719,영서중학교,13528,6545,6983,2165,1370,2114,2378,2011,3490,1126,690,1013,1208,984,1524,1039,680,1101,1170,1027,1966,5641,0,5641
2021,1,A,골목상권,2110720,대림역 2번,17248,8269,8979,1822,2454,2510,2487,2910,5065,931,1076,1301,1244,1437,2280,891,1378,1209,1243,1473,2785,9034,0,9034
2021,1,A,골목상권,2110721,가리봉파출소,14588,8079,6509,577,4311,3541,1812,1883,2464,293,2049,2196,1113,1149,1279,284,2262,1345,699,734,1185,11205,0,11205
2021,1,A,골목상권,2110722,G타워,14390,7976,6414,640,4218,4084,1870,1537,2041,343,2071,2494,1153,888,1027,297,2147,1590,717,649,1014,10873,0,10873
2021,1,A,골목상권,2110723,가산디지털단지역 1번 출입구,4783,2622,2161,287,840,637,594,878,1547,148,446,396,350,536,746,139,394,241,244,342,801,3135,0,3135
2021,1,A,골목상권,2110724,금천구립가산도서관,15210,8384,6826,1181,3742,3690,1878,2036,2683,576,1877,2297,1127,1133,1374,605,1865,1393,751,903,1309,9606,0,9606
2021,1,A,골목상권,2110725,가산동주민센터,11379,5982,5397,633,3289,2318,1327,1722,2090,301,1431,1360,773,1043,1074,332,1858,958,554,679,1016,8006,0,8006
2021,1,A,골목상권,2110726,금천철쭉어린이공원(금하마을),4466,2214,2252,600,642,506,632,840,1246,306,329,280,303,395,601,294,313,226,329,445,645,1834,0,1834
2021,1,A,골목상권,2110727,독산역 1번 출입구,18719,9674,9045,2574,3430,4192,2769,2639,3115,1334,1664,2289,1546,1295,1546,1240,1766,1903,1223,1344,1569,9183,0,9183
2021,1,A,골목상권,2110728,두산초등학교,10772,5743,5029,1148,2253,2516,1550,1437,1868,589,1062,1480,914,759,939,559,1191,1036,636,678,929,6071,0,6071
2021,1,A,골목상권,2110729,가산동우체국,20033,10797,9236,1127,5628,4587,2436,2714,3541,545,2611,2789,1433,1586,1833,582,3017,1798,1003,1128,1708,14246,0,14246
2021,1,A,골목상권,2110730,서울축산농협 독산역지점(독산파출소),19101,9876,9225,2438,3679,4174,2773,2724,3313,1256,1745,2313,1531,1398,1633,1182,1934,1861,1242,1326,1680,9958,0,9958
2021,1,A,골목상권,2110731,금천구청역 1번 출입구,16701,8309,8392,2178,2813,3034,2472,2682,3522,1138,1352,1548,1303,1297,1671,1040,1461,1486,1169,1385,1851,8203,0,8203
2021,1,A,골목상권,2110732,가산초등학교(세일중학교),21611,11821,9790,1530,5235,5094,2770,2846,4136,780,2581,3113,1650,1589,2108,750,2654,1981,1120,1257,2028,14190,0,14190
2021,1,A,골목상권,2110733,금천어울림복지센터,19271,9583,9688,3075,2853,3544,3050,3091,3658,1563,1389,1785,1579,1482,1785,1512,1464,1759,1471,1609,1873,8539,0,8539
2021,1,A,골목상권,2110734,금천파출소,5743,2841,2902,462,1019,1080,783,893,1506,230,464,574,429,443,701,232,555,506,354,450,805,3439,0,3439
2021,1,A,골목상권,2110735,말미고개,32417,16335,16082,4401,5008,5671,4753,5629,6955,2236,2484,2991,2472,2832,3320,2165,2524,2680,2281,2797,3635,15391,0,15391
2021,1,A,골목상권,2110736,독산119안전센터,19747,9984,9763,1916,3008,2978,2643,3928,5274,982,1454,1672,1352,2056,2468,934,1554,1306,1291,1872,2806,10648,0,10648
2021,1,A,골목상권,2110737,금천세무서,18108,9347,8761,1442,3580,3449,2291,2923,4423,735,1702,2008,1247,1527,2128,707,1878,1441,1044,1396,2295,10663,0,10663
2021,1,A,골목상권,2110738,문성초등학교,23491,11893,11598,2185,3773,3462,3063,4540,6468,1095,1855,1941,1600,2348,3054,1090,1918,1521,1463,2192,3414,12522,0,12522
2021,1,A,골목상권,2110739,시흥3동 우편취급국,6006,3037,2969,728,752,768,892,1071,1795,401,395,404,469,534,834,327,357,364,423,537,961,2595,0,2595
2021,1,A,골목상권,2110740,금천해태공원,37312,18516,18796,4854,5553,5807,5476,6585,9037,2459,2799,3017,2825,3203,4213,2395,2754,2790,2651,3382,4824,17785,0,17785
2021,1,A,골목상권,2110741,독산2동주민센터,22650,11414,11236,2452,3393,2994,3134,4567,6110,1270,1747,1633,1582,2325,2857,1182,1646,1361,1552,2242,3253,11379,0,11379
2021,1,A,골목상권,2110742,KT금천빌딩(금천구시설관리공단),11008,5555,5453,1764,1502,1588,1801,1859,2494,929,799,845,904,929,1149,835,703,743,897,930,1345,4600,0,4600
2021,1,A,골목상권,2110743,시흥초등학교(시흥1동우체국),25847,12863,12984,2576,3687,3178,3583,4935,7888,1288,1920,1722,1869,2437,3627,1288,1767,1456,1714,2498,4261,13407,0,13407
2021,1,A,골목상권,2110744,독산동성당,31366,15757,15609,3176,4665,3974,4252,6576,8723,1598,2349,2233,2140,3321,4116,1578,2316,1741,2112,3255,4607,15891,0,15891
2021,1,A,골목상권,2110745,독산동정훈단지,19765,10033,9732,2159,2900,2446,2777,4190,5293,1130,1522,1325,1368,2132,2556,1029,1378,1121,1409,2058,2737,9883,0,9883
2021,1,A,골목상권,2110746,금천금빛공원(은행나무사거리서측),14091,7118,6973,1466,2088,1965,2051,2565,3956,749,1107,1068,1093,1294,1807,717,981,897,958,1271,2149,7418,0,7418
2021,1,A,골목상권,2110747,석수역 1번 출입구,3025,1508,1517,265,395,393,389,564,1019,128,218,214,212,263,473,137,177,179,177,301,546,1302,0,1302
2021,1,A,골목상권,2110748,백산초등학교,15477,7779,7698,1971,2199,1987,2347,2768,4205,1029,1158,1062,1208,1406,1916,942,1041,925,1139,1362,2289,7333,0,7333
2021,1,A,골목상권,2110749,금산초등학교(금천고등학교),10377,5163,5214,1289,1325,1339,1541,1861,3022,652,701,715,793,911,1391,637,624,624,748,950,1631,4400,0,4400
2021,1,A,골목상권,2110750,시흥4동주민센터(서울신흥초등학교),24201,12020,12181,2774,3239,2911,3466,4699,7112,1405,1731,1559,1772,2309,3244,1369,1508,1352,1694,2390,3868,11607,0,11607
2021,1,A,골목상권,2110751,난곡중학교,24171,12072,12099,2653,3833,3544,3373,4349,6419,1320,1888,1937,1740,2152,3035,1333,1945,1607,1633,2197,3384,11931,0,11931
2021,1,A,골목상권,2110752,한울중학교,30217,15094,15123,3561,4167,3650,4321,5929,8589,1844,2207,1952,2173,2863,4055,1717,1960,1698,2148,3066,4534,13757,0,13757
2021,1,A,골목상권,2110753,시흥동 은행나무사거리,22572,11198,11374,2684,2987,2634,3206,4120,6941,1357,1581,1413,1662,2067,3118,1327,1406,1221,1544,2053,3823,10888,0,10888
2021,1,A,골목상권,2110754,삼성산자연공원(서울금천초등학교),21678,10780,10898,2550,2916,2607,3108,3989,6508,1287,1521,1410,1612,1996,2954,1263,1395,1197,1496,1993,3554,10512,0,10512
2021,1,A,골목상권,2110755,동일여자고등학교,18798,9182,9616,2582,2162,2233,2746,3330,5745,1337,1126,1169,1397,1614,2539,1245,1036,1064,1349,1716,3206,8580,0,8580
2021,1,A,골목상권,2110756,문래중학교,14593,7166,7427,2338,1906,3623,2507,1696,2523,1207,855,1841,1298,842,1123,1131,1051,1782,1209,854,1400,6860,0,6860
2021,1,A,골목상권,2110757,양평역 2번,13065,6421,6644,1564,2190,3445,2099,1540,2227,837,927,1788,1112,788,969,727,1263,1657,987,752,1258,7114,0,7114
2021,1,A,골목상권,2110758,문래소공원,14234,6923,7311,2529,1785,3602,2581,1529,2208,1291,781,1803,1330,746,972,1238,1004,1799,1251,783,1236,6435,0,6435
2021,1,A,골목상권,2110759,문래예술촌(문래창작촌),23635,11562,12073,4495,2725,4319,4221,2960,4915,2325,1298,2084,2149,1452,2254,2170,1427,2235,2072,1508,2661,9346,0,9346
2021,1,A,골목상권,2110760,선유도역 6번,18212,9028,9184,2780,2972,4104,2796,2462,3098,1453,1373,2075,1404,1279,1444,1327,1599,2029,1392,1183,1654,8213,0,8213
2021,1,A,골목상권,2110761,문래동남성맨션,5631,2762,2869,828,707,1323,928,758,1087,407,305,684,488,375,503,421,402,639,440,383,584,2462,0,2462
2021,1,A,골목상권,2110762,선유도역 1번,16107,7946,8161,1840,3126,4202,2191,2015,2733,945,1350,2208,1120,1053,1270,895,1776,1994,1071,962,1463,8463,0,8463
2021,1,A,골목상권,2110763,영등포구청역 2번,8667,4271,4396,1045,1442,1706,1180,1321,1973,555,650,871,609,653,933,490,792,835,571,668,1040,4216,0,4216
2021,1,A,골목상권,2110764,문래역 3번,6974,3324,3650,906,1109,1398,1183,958,1420,443,491,695,587,481,627,463,618,703,596,477,793,3501,0,3501
2021,1,A,골목상권,2110765,문래동사거리,8008,3967,4041,963,1164,1752,1270,1166,1693,487,513,934,682,582,769,476,651,818,588,584,924,3996,0,3996
2021,1,A,골목상권,2110766,대림역 5번,14644,7206,7438,1400,2308,2114,2086,2624,4112,745,1067,1124,1073,1315,1882,655,1241,990,1013,1309,2230,8064,0,8064
2021,1,A,골목상권,2110767,도림동주민센터,13501,6711,6790,1583,2135,2817,2030,2116,2820,826,955,1483,1058,1059,1330,757,1180,1334,972,1057,1490,6421,0,6421
2021,1,A,골목상권,2110768,도림2동유수지내체육시설,18275,9014,9261,2079,2695,3628,2546,2871,4456,1100,1238,1921,1307,1389,2059,979,1457,1707,1239,1482,2397,8497,0,8497
2021,1,A,골목상권,2110769,대림차이나타운(대림역 12번),10337,5024,5313,1098,1237,1360,1541,1812,3289,549,646,705,781,880,1463,549,591,655,760,932,1826,5230,0,5230
2021,1,A,골목상권,2110770,영등포구청역 6번,16625,8183,8442,1748,2762,3288,2280,2476,4071,858,1269,1727,1175,1268,1886,890,1493,1561,1105,1208,2185,8392,0,8392
2021,1,A,골목상권,2110771,대림역 11번,6817,3391,3426,572,866,755,959,1281,2384,297,470,440,501,631,1052,275,396,315,458,650,1332,3945,0,3945
2021,1,A,골목상권,2110772,신우어린이공원,12427,6216,6211,1555,1749,1870,1760,2300,3193,793,909,994,859,1162,1499,762,840,876,901,1138,1694,5454,0,5454
2021,1,A,골목상권,2110773,당산역 13번,5281,2511,2770,384,1433,1374,643,608,839,198,557,700,340,330,386,186,876,674,303,278,453,3333,0,3333
2021,1,A,골목상권,2110774,당산반도유보라팰리스아파트,18021,8598,9423,2820,2728,3811,2739,2465,3458,1394,1244,1869,1342,1182,1567,1426,1484,1942,1397,1283,1891,7950,0,7950
2021,1,A,골목상권,2110775,대동초등학교,10837,5284,5553,958,1525,1168,1461,1965,3760,475,789,657,764,966,1633,483,736,511,697,999,2127,6153,0,6153
2021,1,A,골목상권,2110776,도신초등학교,19471,9785,9686,2177,2717,2258,2832,3757,5730,1145,1432,1257,1436,1903,2612,1032,1285,1001,1396,1854,3118,9140,0,9140
2021,1,A,골목상권,2110777,구로세무서,7303,3830,3473,1000,961,1365,1160,1167,1650,488,462,693,614,658,915,512,499,672,546,509,735,3711,0,3711
2021,1,A,골목상권,2110778,구로디지털단지역 4번,22157,10879,11278,2213,3604,3519,3194,3626,6001,1131,1746,1826,1656,1792,2728,1082,1858,1693,1538,1834,3273,11739,0,11739
2021,1,A,골목상권,2110779,대림갑을명가아파트,9905,4898,5007,963,1469,1089,1323,1899,3162,510,766,615,676,912,1419,453,703,474,647,987,1743,4737,0,4737
2021,1,A,골목상권,2110780,신길대성유니드아파트,14109,7072,7037,1774,1840,1972,2044,2558,3921,914,957,1086,1021,1298,1796,860,883,886,1023,1260,2125,6552,0,6552
2021,1,A,골목상권,2110781,대림한신아파트,17505,8746,8759,2013,2484,2262,2480,3124,5142,1109,1285,1213,1329,1528,2282,904,1199,1049,1151,1596,2860,8476,0,8476
2021,1,A,골목상권,2110782,영등포시장역 4번,9800,5237,4563,1065,1496,1870,1401,1485,2483,551,712,1014,798,882,1280,514,784,856,603,603,1203,5346,0,5346
2021,1,A,골목상권,2110783,영등포시장역 1번,15432,7647,7785,1850,2698,3300,2221,2141,3222,933,1157,1646,1195,1135,1581,917,1541,1654,1026,1006,1641,7887,0,7887
2021,1,A,골목상권,2110784,신대림초등학교,11310,5593,5717,1233,1667,1353,1527,2049,3481,680,825,751,791,1000,1546,553,842,602,736,1049,1935,5740,0,5740
2021,1,A,골목상권,2110785,영등포푸르지오아파트,25502,12758,12744,3383,3529,3742,3715,4579,6554,1779,1824,1947,1905,2316,2987,1604,1705,1795,1810,2263,3567,11710,0,11710
2021,1,A,골목상권,2110786,당산역 8번,10286,4794,5492,1005,2310,2294,1208,1329,2140,496,936,1126,584,637,1015,509,1374,1168,624,692,1125,5554,0,5554
2021,1,A,골목상권,2110787,신길3동주민센터,19072,9482,9590,2481,2520,2703,2836,3317,5215,1290,1275,1408,1472,1701,2336,1191,1245,1295,1364,1616,2879,9065,0,9065
2021,1,A,골목상권,2110788,영등포시장역 3번,9779,5362,4417,931,1745,2157,1308,1424,2214,471,845,1194,771,864,1217,460,900,963,537,560,997,5801,0,5801
2021,1,A,골목상권,2110789,대림성모병원,18561,9075,9486,2452,2649,2528,2744,3105,5083,1320,1298,1288,1369,1502,2298,1132,1351,1240,1375,1603,2785,8660,0,8660
2021,1,A,골목상권,2110790,대림1동주민센터,18845,9275,9570,2224,2558,2582,2682,3241,5558,1201,1292,1357,1407,1555,2463,1023,1266,1225,1275,1686,3095,8951,0,8951
2021,1,A,골목상권,2110791,신풍역 3번,7653,3696,3957,776,982,1031,1031,1361,2472,400,499,575,508,653,1061,376,483,456,523,708,1411,3911,0,3911
2021,1,A,골목상권,2110792,영등포역 2번,20330,10680,9650,2250,2720,2788,2862,3732,5978,1183,1466,1501,1542,2057,2931,1067,1254,1287,1320,1675,3047,10824,0,10824
2021,1,A,골목상권,2110793,대림썬프라자,11727,5839,5888,1651,1625,1816,1720,1891,3024,939,814,920,903,909,1354,712,811,896,817,982,1670,5147,0,5147
2021,1,A,골목상권,2110794,영동초등학교,17369,8205,9164,1804,4251,4663,2169,1931,2551,937,1672,2294,1093,962,1247,867,2579,2369,1076,969,1304,10075,0,10075
2021,1,A,골목상권,2110795,도림초등학교,16995,8583,8412,1763,2335,2137,2407,3065,5288,921,1242,1188,1281,1630,2321,842,1093,949,1126,1435,2967,9015,0,9015
2021,1,A,골목상권,2110796,한림대학교한강성심병원,10791,5538,5253,970,2627,3090,1386,1130,1588,487,1152,1680,779,621,819,483,1475,1410,607,509,769,6824,0,6824
2021,1,A,골목상권,2110797,KT대방빌딩,12898,6308,6590,2145,1663,2075,2075,1995,2945,1136,837,1016,1055,950,1314,1009,826,1059,1020,1045,1631,5167,0,5167
2021,1,A,골목상권,2110798,신풍역 2번,10883,5191,5692,1246,1413,1675,1549,1804,3196,632,712,882,761,832,1372,614,701,793,788,972,1824,5192,0,5192
2021,1,A,골목상권,2110799,영등포본동주민센터,8918,4728,4190,699,1173,1208,1196,1618,3024,361,650,661,682,910,1464,338,523,547,514,708,1560,5319,0,5319
2021,1,A,골목상권,2110800,영등포동성당,9270,5238,4032,627,2031,2231,1135,1301,1945,299,973,1313,712,841,1100,328,1058,918,423,460,845,6358,0,6358
2021,1,A,골목상권,2110801,신풍역 6번(신길6동공영주차장),14495,7019,7476,2867,1660,2617,2541,2094,2716,1452,829,1235,1324,980,1199,1415,831,1382,1217,1114,1517,5441,0,5441
2021,1,A,골목상권,2110802,신길동홍어거리,13597,6905,6692,1260,1773,1622,1858,2444,4640,669,968,935,992,1273,2068,591,805,687,866,1171,2572,7396,0,7396
2021,1,A,골목상권,2110803,신길2동우편취급국,16254,8331,7923,1467,2151,2226,2251,2815,5344,759,1173,1240,1229,1480,2450,708,978,986,1022,1335,2894,8970,0,8970
2021,1,A,골목상권,2110804,신풍역 1번,20551,9971,10580,2650,3266,3327,2943,3322,5043,1378,1576,1680,1476,1582,2279,1272,1690,1647,1467,1740,2764,9634,0,9634
2021,1,A,골목상권,2110805,신길새마을금고신길4동지점,13197,6550,6647,1972,1679,2033,2164,2121,3228,1029,853,1009,1112,1094,1453,943,826,1024,1052,1027,1775,5923,0,5923
2021,1,A,골목상권,2110806,서울시립영등포장애인복지관,2623,1527,1096,55,759,772,262,267,508,24,356,508,183,178,278,31,403,264,79,89,230,2223,0,2223
2021,1,A,골목상권,2110807,신길역 3번,6814,3709,3105,315,2099,1733,800,711,1156,155,970,1036,491,443,614,160,1129,697,309,268,542,5262,0,5262
2021,1,A,골목상권,2110808,신길역 1번,9268,4833,4435,660,2389,2014,1177,1124,1904,343,1126,1143,673,619,929,317,1263,871,504,505,975,6050,0,6050
2021,1,A,골목상권,2110809,장훈고등학교,11758,5926,5832,1088,1694,1557,1628,1996,3795,559,866,865,869,1042,1725,529,828,692,759,954,2070,6283,0,6283
2021,1,A,골목상권,2110810,영신초등학교,25029,12686,12343,2578,4071,3827,3419,3929,7205,1352,2081,2145,1851,2008,3249,1226,1990,1682,1568,1921,3956,13550,0,13550
2021,1,A,골목상권,2110811,보라매역 4번,13142,6380,6762,1780,2491,2277,1931,1908,2755,934,1136,1113,987,924,1286,846,1355,1164,944,984,1469,6505,0,6505
2021,1,A,골목상권,2110812,신길6동주민센터,13094,6419,6675,2087,2302,2188,2074,1806,2637,1110,1074,1066,1047,908,1214,977,1228,1122,1027,898,1423,6216,0,6216
2021,1,A,골목상권,2110813,보라매역 6번,19438,9551,9887,3059,3442,3433,3086,2839,3579,1608,1624,1690,1554,1422,1653,1451,1818,1743,1532,1417,1926,9032,0,9032
2021,1,A,골목상권,2110814,서울지방병무청,27129,13461,13668,4676,4079,3786,4539,4234,5815,2430,2047,1932,2268,2178,2606,2246,2032,1854,2271,2056,3209,11874,0,11874
2021,1,A,골목상권,2110815,공군호텔,25140,12564,12576,3444,4548,3758,4117,3701,5572,1681,2251,2048,2095,1971,2518,1763,2297,1710,2022,1730,3054,12822,0,12822
2021,1,A,골목상권,2110816,대방역 6번,11171,5667,5504,1262,2408,2165,1704,1474,2158,590,1164,1221,882,803,1007,672,1244,944,822,671,1151,6416,0,6416
2021,1,A,골목상권,2110817,대방역 4번,14714,7508,7206,1753,3003,2653,2324,2012,2969,835,1456,1510,1219,1104,1384,918,1547,1143,1105,908,1585,8208,0,8208
2021,1,A,골목상권,2110818,신대방역 3번,15091,7428,7663,1565,3056,2521,2102,2231,3616,825,1442,1294,1073,1109,1685,740,1614,1227,1029,1122,1931,8270,0,8270
2021,1,A,골목상권,2110819,신대방역 4번,25707,12523,13184,2943,4895,3856,3620,3949,6444,1511,2300,2014,1771,1972,2955,1432,2595,1842,1849,1977,3489,13419,0,13419
2021,1,A,골목상권,2110820,성남고등학교,18217,9004,9213,3131,2975,2486,3109,2829,3687,1641,1512,1221,1534,1454,1642,1490,1463,1265,1575,1375,2045,8209,0,8209
2021,1,A,골목상권,2110821,보라매역 2번,17483,8228,9255,1868,3729,3258,2509,2382,3737,981,1548,1593,1244,1146,1716,887,2181,1665,1265,1236,2021,9491,0,9491
2021,1,A,골목상권,2110822,신대방삼거리역 4번(대림초등학교),16995,8092,8903,2255,3484,2966,2653,2414,3223,1185,1558,1430,1315,1175,1429,1070,1926,1536,1338,1239,1794,8671,0,8671
2021,1,A,골목상권,2110823,신대방삼거리역 3번,23136,10896,12240,2755,4444,3956,3397,3181,5403,1402,1923,1935,1658,1486,2492,1353,2521,2021,1739,1695,2911,11671,0,11671
2021,1,A,골목상권,2110824,대방역 3번,15095,7188,7907,2839,2353,1825,2817,2272,2989,1335,1132,937,1338,1176,1270,1504,1221,888,1479,1096,1719,6411,0,6411
2021,1,A,골목상권,2110825,신대방삼거리역 1번,37871,18046,19825,4334,6955,6504,5432,5662,8984,2240,3139,3306,2706,2664,3991,2094,3816,3198,2726,2998,4993,18691,0,18691
2021,1,A,골목상권,2110826,장승배기역 4번,23877,11400,12477,2374,4422,3865,3326,3800,6090,1203,2011,2007,1683,1831,2665,1171,2411,1858,1643,1969,3425,12499,0,12499
2021,1,A,골목상권,2110827,NH농협은행 상도동지점,20987,10060,10927,2027,3841,3570,3004,3110,5435,1026,1750,1879,1542,1510,2353,1001,2091,1691,1462,1600,3082,11516,0,11516
2021,1,A,골목상권,2110828,노량진역 6번,24787,12283,12504,2353,4442,3587,3244,4068,7093,1166,2244,2055,1698,2052,3068,1187,2198,1532,1546,2016,4025,13449,0,13449
2021,1,A,골목상권,2110829,장승배기역 5번,19670,9733,9937,1590,3394,2852,2544,3355,5935,796,1666,1600,1348,1673,2650,794,1728,1252,1196,1682,3285,10884,0,10884
2021,1,A,골목상권,2110830,상도초등학교,25177,12195,12982,3396,3839,4155,3902,3786,6099,1783,1830,2127,1963,1818,2674,1613,2009,2028,1939,1968,3425,11923,0,11923
2021,1,A,골목상권,2110831,상도4동주민센터,18921,9109,9812,2796,2689,3112,3015,2758,4551,1439,1257,1582,1522,1306,2003,1357,1432,1530,1493,1452,2548,8460,0,8460
2021,1,A,골목상권,2110832,노량진초등학교,20987,10580,10407,1837,4288,3275,2539,3212,5836,947,2201,1902,1360,1587,2583,890,2087,1373,1179,1625,3253,11884,0,11884
2021,1,A,골목상권,2110833,상도역 2번,18571,8987,9584,2922,3071,3130,2868,2590,3990,1491,1478,1517,1438,1276,1787,1431,1593,1613,1430,1314,2203,8362,0,8362
2021,1,A,골목상권,2110834,동작구자원봉사센터,21345,10623,10722,2985,3661,3587,2937,3160,5015,1548,1987,1912,1462,1504,2210,1437,1674,1675,1475,1656,2805,9730,0,9730
2021,1,A,골목상권,2110835,상도역 1번,15226,7381,7845,2078,3509,2723,1978,1898,3040,1028,1748,1357,983,906,1359,1050,1761,1366,995,992,1681,7643,0,7643
2021,1,A,골목상권,2110836,상도역 5번,30240,14557,15683,3558,6927,4339,3884,4194,7338,1807,3544,2174,1904,1924,3204,1751,3383,2165,1980,2270,4134,15181,0,15181
2021,1,A,골목상권,2110837,숭실대입구역 1번,34948,16991,17957,5338,6501,4899,5497,5159,7554,2740,3297,2413,2668,2478,3395,2598,3204,2486,2829,2681,4159,15391,0,15391
2021,1,A,골목상권,2110838,상도1동주민센터앞,8687,4191,4496,1093,1832,1089,1254,1310,2109,569,898,530,604,626,964,524,934,559,650,684,1145,4118,0,4118
2021,1,A,골목상권,2110839,숭실대입구역 4번,14789,7178,7611,1883,3128,2300,2005,2004,3469,975,1581,1164,986,935,1537,908,1547,1136,1019,1069,1932,7188,0,7188
2021,1,A,골목상권,2110840,중앙대학교,11241,5582,5659,1398,2412,1770,1610,1615,2436,708,1284,929,822,760,1079,690,1128,841,788,855,1357,5714,0,5714
2021,1,A,골목상권,2110841,중대부중,12998,6284,6714,1740,1820,1703,2002,2208,3525,887,950,841,1047,1068,1491,853,870,862,955,1140,2034,5914,0,5914
2021,1,A,골목상권,2110842,흑리단길,11291,5368,5923,1326,1575,1427,1615,1936,3412,658,838,690,826,918,1438,668,737,737,789,1018,1974,5175,0,5175
2021,1,A,골목상권,2110843,사당5동주민센터,10729,5149,5580,1348,1794,1793,1662,1556,2576,715,832,866,836,743,1157,633,962,927,826,813,1419,5103,0,5103
2021,1,A,골목상권,2110844,흑석2치안센터,10673,5110,5563,1291,1417,1444,1464,1893,3164,655,744,700,749,897,1365,636,673,744,715,996,1799,4586,0,4586
2021,1,A,골목상권,2110845,사당종합체육관,13513,6565,6948,2294,1602,2146,2090,1991,3390,1198,797,1009,1057,921,1583,1096,805,1137,1033,1070,1807,4980,0,4980
2021,1,A,골목상권,2110846,남성역 1번,33821,16265,17556,3776,5918,5935,4943,4948,8301,2002,2721,3022,2558,2289,3673,1774,3197,2913,2385,2659,4628,16623,0,16623
2021,1,A,골목상권,2110847,예술인마을,26013,12454,13559,2427,5121,5202,3501,3726,6036,1271,2302,2748,1778,1688,2667,1156,2819,2454,1723,2038,3369,13366,0,13366
2021,1,A,골목상권,2110848,양지어린이공원,27998,13353,14645,2416,5856,5349,3803,3767,6807,1249,2561,2762,1985,1759,3037,1167,3295,2587,1818,2008,3770,15671,0,15671
2021,1,A,골목상권,2110849,이수역 10번,24464,11722,12742,3074,3688,4460,3642,3379,6221,1565,1623,2166,1913,1630,2825,1509,2065,2294,1729,1749,3396,12034,0,12034
2021,1,A,골목상권,2110850,사당역 10번,31403,14936,16467,2485,7109,6469,4015,4090,7235,1269,3084,3356,2095,1867,3265,1216,4025,3113,1920,2223,3970,18170,0,18170
2021,1,A,골목상권,2110851,경문고등학교(동작동성당),21247,10184,11063,2778,2851,3451,3219,3324,5624,1490,1321,1704,1571,1612,2486,1288,1530,1747,1648,1712,3138,9528,0,9528
2021,1,A,골목상권,2110852,이수역 9번,11114,5245,5869,911,2243,2066,1530,1574,2790,468,957,1006,800,764,1250,443,1286,1060,730,810,1540,6441,0,6441
2021,1,A,골목상권,2110853,KT구로지사,15152,7978,7174,936,3718,3593,1910,2029,2966,473,1733,2109,1110,1109,1444,463,1985,1484,800,920,1522,10228,0,10228
2021,1,A,골목상권,2110854,조원동주민센터,13587,6824,6763,1368,2590,2200,1820,2094,3515,687,1244,1239,920,1077,1657,681,1346,961,900,1017,1858,7466,0,7466
2021,1,A,골목상권,2110855,신대방역 2번,25406,12519,12887,2437,5936,4427,3361,3532,5713,1232,2733,2369,1753,1773,2659,1205,3203,2058,1608,1759,3054,14695,0,14695
2021,1,A,골목상권,2110856,미성초등학교,22754,11204,11550,2652,4265,3597,3323,3401,5516,1323,1993,1927,1721,1690,2550,1329,2272,1670,1602,1711,2966,11703,0,11703
2021,1,A,골목상권,2110857,미성동주민센터,17408,8538,8870,2280,2424,2282,2664,2862,4896,1128,1228,1187,1375,1365,2255,1152,1196,1095,1289,1497,2641,7921,0,7921
2021,1,A,골목상권,2110858,신대방역 1번,10623,5208,5415,766,2681,1853,1356,1461,2506,418,1206,974,706,752,1152,348,1475,879,650,709,1354,6750,0,6750
2021,1,A,골목상권,2110859,난향초등학교,9154,4594,4560,1129,1075,1015,1544,1584,2807,574,581,552,811,805,1271,555,494,463,733,779,1536,4355,0,4355
2021,1,A,골목상권,2110860,호림박물관(성보고등학교),16251,7992,8259,1474,3879,3031,2168,2352,3347,739,1774,1665,1148,1167,1499,735,2105,1366,1020,1185,1848,9534,0,9534
2021,1,A,골목상권,2110861,관악구신사동주민센터,28860,14342,14518,2376,7607,5380,3678,3967,5852,1246,3512,2986,1950,1951,2697,1130,4095,2394,1728,2016,3155,17847,0,17847
2021,1,A,골목상권,2110862,난곡초등학교(난곡동벽화마을),18078,8874,9204,2247,2667,2414,2658,3129,4963,1113,1367,1279,1351,1529,2235,1134,1300,1135,1307,1600,2728,8476,0,8476
2021,1,A,골목상권,2110863,난우초등학교,24771,12154,12617,3164,3688,3264,3772,4192,6691,1626,1863,1697,1939,1988,3041,1538,1825,1567,1833,2204,3650,11303,0,11303
2021,1,A,골목상권,2110864,신림우방아파트,23722,11977,11745,1946,6491,4391,3114,3020,4760,1022,3119,2542,1623,1505,2166,924,3372,1849,1491,1515,2594,14756,0,14756
2021,1,A,골목상권,2110865,남강고등학교(남강중학교),32855,16293,16562,3973,4919,4264,4792,5863,9044,2051,2534,2289,2481,2826,4112,1922,2385,1975,2311,3037,4932,15313,0,15313
2021,1,A,골목상권,2110866,난우중학교,19257,9713,9544,2203,2823,2566,2776,3460,5429,1120,1476,1427,1476,1740,2474,1083,1347,1139,1300,1720,2955,9361,0,9361
2021,1,A,골목상권,2110867,국제신학대학원대학교(남서울중학교),21078,10628,10450,1469,5954,4127,2506,2744,4278,734,2902,2361,1329,1389,1913,735,3052,1766,1177,1355,2365,13585,0,13585
2021,1,A,골목상권,2110868,남부초등학교,23623,11989,11634,1616,7340,4873,2792,2823,4179,819,3537,2821,1468,1429,1915,797,3803,2052,1324,1394,2264,15774,0,15774
2021,1,A,골목상권,2110869,신림역 5번(신림동주민센터 신림동별빛거리),30889,15812,15077,1800,10306,6894,3707,3100,5082,913,4926,3982,2031,1607,2353,887,5380,2912,1676,1493,2729,21898,0,21898
2021,1,A,골목상권,2110870,신림주공2단지(광신고등학교),8607,4219,4388,932,1038,917,1288,1550,2882,505,549,496,653,740,1276,427,489,421,635,810,1606,3533,0,3533
2021,1,A,골목상권,2110871,신원동주민센터,18446,9279,9167,1278,5069,3536,2210,2251,4102,648,2513,2019,1218,1122,1759,630,2556,1517,992,1129,2343,11848,0,11848
2021,1,A,골목상권,2110872,신림초등학교,18799,9429,9370,1591,4328,3312,2453,2548,4567,782,2239,1903,1325,1224,1956,809,2089,1409,1128,1324,2611,10838,0,10838
2021,1,A,골목상권,2110873,당곡중학교,25753,12704,13049,2655,5477,4846,3669,3348,5758,1362,2588,2621,1886,1588,2659,1293,2889,2225,1783,1760,3099,13953,0,13953
2021,1,A,골목상권,2110874,원신초등학교(구세군관악영문교회),17016,8870,8146,1467,2648,2285,2433,2851,5332,760,1439,1416,1435,1507,2313,707,1209,869,998,1344,3019,9614,0,9614
2021,1,A,골목상권,2110875,보라매동주민센터(당곡고등학교),20579,10418,10161,1614,5593,4287,2658,2290,4137,843,2707,2394,1415,1139,1920,771,2886,1893,1243,1151,2217,12996,0,12996
2021,1,A,골목상권,2110876,서원동주민센터(신관중학교),20197,10445,9752,1485,5371,3877,2527,2489,4448,751,2795,2279,1406,1196,2018,734,2576,1598,1121,1293,2430,12162,0,12162
2021,1,A,골목상권,2110877,신림역 8번,28947,14859,14088,1661,8960,6351,3520,3040,5415,894,4339,3619,1967,1547,2493,767,4621,2732,1553,1493,2922,20005,0,20005
2021,1,A,골목상권,2110878,미림여고,11046,6454,4592,993,1968,1822,1765,1766,2732,540,1177,1217,1125,1070,1325,453,791,605,640,696,1407,6666,0,6666
2021,1,A,골목상권,2110879,신림현대아파트,23559,12083,11476,2104,4579,4024,3263,3525,6064,1054,2365,2347,1833,1768,2716,1050,2214,1677,1430,1757,3348,13260,0,13260
2021,1,A,골목상권,2110880,신림역 1번,15237,7857,7380,714,5174,3485,1690,1515,2659,389,2525,1989,961,767,1226,325,2649,1496,729,748,1433,10781,0,10781
2021,1,A,골목상권,2110881,구립대학경로당(관악산샘말공원),30188,17744,12444,2152,7197,5703,4397,4229,6510,1122,4278,3791,2932,2549,3072,1030,2919,1912,1465,1680,3438,20246,0,20246
2021,1,A,골목상권,2110882,신성초등학교,27905,15334,12571,2078,6794,5447,3876,3766,5944,1045,3715,3407,2398,2040,2729,1033,3079,2040,1478,1726,3215,17939,0,17939
2021,1,A,골목상권,2110883,은천초등학교(은천교앞),28171,14019,14152,2500,6760,5307,3725,3432,6447,1286,3217,2940,2027,1686,2863,1214,3543,2367,1698,1746,3584,16745,0,16745
2021,1,A,골목상권,2110884,봉천역 4번(봉천110안전센터),18160,8967,9193,1758,3911,3132,2422,2314,4623,929,1822,1733,1306,1146,2031,829,2089,1399,1116,1168,2592,10231,0,10231
2021,1,A,골목상권,2110885,영락고등학교,29684,15962,13722,2745,6738,5799,4164,4071,6167,1412,3641,3493,2428,2120,2868,1333,3097,2306,1736,1951,3299,17192,0,17192
2021,1,A,골목상권,2110886,관악해태어린이공원,17829,10563,7266,1154,5290,3873,2465,2028,3019,602,3119,2588,1645,1201,1408,552,2171,1285,820,827,1611,12664,0,12664
2021,1,A,골목상권,2110887,서울산업정보학교(서울삼성초등학교),13231,7827,5404,1024,3906,2671,1830,1558,2242,520,2383,1762,1189,922,1051,504,1523,909,641,636,1191,9028,0,9028
2021,1,A,골목상권,2110888,청룡동주민센터,28392,13946,14446,2637,7834,5513,3492,3499,5417,1323,3597,2981,1824,1750,2471,1314,4237,2532,1668,1749,2946,17042,0,17042
2021,1,A,골목상권,2110889,봉천역 6번,18653,9042,9611,2006,3592,3257,2531,2441,4826,1062,1565,1726,1354,1181,2154,944,2027,1531,1177,1260,2672,9845,0,9845
2021,1,A,골목상권,2110890,봉천역 1번(관악초등학교),21824,10501,11323,1567,7270,4313,2402,2301,3971,789,3141,2275,1260,1188,1848,778,4129,2038,1142,1113,2123,14773,0,14773
2021,1,A,골목상권,2110891,구암초등학교,23745,11494,12251,4545,3076,3514,4256,3486,4868,2351,1514,1688,2111,1723,2107,2194,1562,1826,2145,1763,2761,9601,0,9601
2021,1,A,골목상권,2110892,관악구 중앙길,40623,19421,21202,3513,10697,7366,4951,5073,9023,1829,4551,3888,2637,2518,3998,1684,6146,3478,2314,2555,5025,23987,0,23987
2021,1,A,골목상권,2110893,관악소방서(문영여고),5208,2522,2686,676,1315,874,729,690,924,297,637,488,361,329,410,379,678,386,368,361,514,2751,0,2751
2021,1,A,골목상권,2110894,관악동부센트레빌아파트(은천로35라길),21706,10508,11198,3257,3743,3059,3393,3319,4935,1709,1781,1541,1699,1624,2154,1548,1962,1518,1694,1695,2781,9457,0,9457
2021,1,A,골목상권,2110895,샤로수길,26136,12735,13401,1869,9411,5298,2891,2516,4151,880,4233,2895,1505,1299,1923,989,5178,2403,1386,1217,2228,18069,0,18069
2021,1,A,골목상권,2110896,관악우성아파트,14098,6883,7215,1680,2397,2234,1971,2139,3677,842,1175,1150,1044,1068,1604,838,1222,1084,927,1071,2073,6753,0,6753
2021,1,A,골목상권,2110897,서울대입구역 8번,25930,12749,13181,1940,7646,5556,3112,2817,4859,954,3407,3020,1672,1437,2259,986,4239,2536,1440,1380,2600,16633,0,16633
2021,1,A,골목상권,2110898,청림동주민센터(상도중학교),24522,11916,12606,3570,3404,3797,3675,3778,6298,1846,1783,1919,1830,1791,2747,1724,1621,1878,1845,1987,3551,10457,0,10457
2021,1,A,골목상권,2110899,낙성대역 5번(관악중학교),15975,7759,8216,1099,4991,3842,1850,1540,2653,552,2198,2062,980,757,1210,547,2793,1780,870,783,1443,10736,0,10736
2021,1,A,골목상권,2110900,낙성대역 1번(관악구민 종합체육센터),22716,11089,11627,2027,6249,4698,2906,2604,4232,1006,2912,2443,1509,1321,1898,1021,3337,2255,1397,1283,2334,13929,0,13929
2021,1,A,골목상권,2110901,인헌고등학교(인헌중학교),23521,11370,12151,2541,4845,4384,3255,3277,5219,1330,2224,2264,1622,1588,2342,1211,2621,2120,1633,1689,2877,12249,0,12249
2021,1,A,골목상권,2110902,사당역 4번,31127,14878,16249,2764,6564,6215,3941,4386,7257,1404,2937,3237,1985,1969,3346,1360,3627,2978,1956,2417,3911,16323,0,16323
2021,1,A,골목상권,2110903,방배아이파크아파트,18264,8464,9800,3184,2516,2332,3332,2980,3920,1503,1150,1095,1485,1492,1739,1681,1366,1237,1847,1488,2181,7593,0,7593
2021,1,A,골목상권,2110904,이수역 5번,12126,5516,6610,1816,1914,2028,1959,1872,2537,884,800,918,889,887,1138,932,1114,1110,1070,985,1399,5434,0,5434
2021,1,A,골목상권,2110905,방배노인종합복지관(이수중학교),12629,5838,6791,1777,1927,2058,1963,1910,2994,887,896,947,911,878,1319,890,1031,1111,1052,1032,1675,5700,0,5700
2021,1,A,골목상권,2110906,서문여고,14383,6533,7850,2732,1921,1973,2706,2257,2794,1208,865,906,1198,1116,1240,1524,1056,1067,1508,1141,1554,5852,0,5852
2021,1,A,골목상권,2110907,방배초등학교,16103,7304,8799,2767,2314,2596,2936,2387,3103,1241,977,1210,1330,1152,1394,1526,1337,1386,1606,1235,1709,6980,0,6980
2021,1,A,골목상권,2110908,구반포역,8807,4147,4660,1780,1134,696,1644,1607,1946,902,541,319,676,810,899,878,593,377,968,797,1047,3096,0,3096
2021,1,A,골목상권,2110909,남태령역(서울전자고등학교),2326,1179,1147,374,335,433,315,299,570,192,190,241,165,144,247,182,145,192,150,155,323,1037,0,1037
2021,1,A,골목상권,2110910,내방역 5번,11830,5424,6406,1968,1591,1998,2201,1648,2424,917,721,925,1010,788,1063,1051,870,1073,1191,860,1361,5331,0,5331
2021,1,A,골목상권,2110911,방배배수지체육공원,7664,3528,4136,1230,1012,958,1242,1270,1952,547,480,450,578,573,900,683,532,508,664,697,1052,2975,0,2975
2021,1,A,골목상권,2110912,방배동사이길,11085,5156,5929,2253,1277,1326,2055,1719,2455,1122,602,555,929,845,1103,1131,675,771,1126,874,1352,4159,0,4159
2021,1,A,골목상권,2110913,방현초등학교(방배119안전센터),15024,7148,7876,2324,2104,2098,2368,2528,3602,1136,1099,1019,1104,1181,1609,1188,1005,1079,1264,1347,1993,6118,0,6118
2021,1,A,골목상권,2110914,내방역 6번,7658,3521,4137,1169,1023,1445,1354,1038,1629,574,465,654,628,488,712,595,558,791,726,550,917,3629,0,3629
2021,1,A,골목상권,2110915,서래초등학교,15542,7301,8241,3249,1805,1778,2827,2455,3428,1646,874,747,1266,1197,1571,1603,931,1031,1561,1258,1857,5559,0,5559
2021,1,A,골목상권,2110916,내방역 4번,17371,8098,9273,2544,2505,3165,2983,2393,3781,1298,1157,1468,1389,1119,1667,1246,1348,1697,1594,1274,2114,8042,0,8042
2021,1,A,골목상권,2110917,서초소방서,7667,3580,4087,1606,940,799,1419,1228,1675,822,438,341,636,582,761,784,502,458,783,646,914,2725,0,2725
2021,1,A,골목상권,2110918,방배역 3번,14214,6772,7442,1985,2134,2410,2266,2186,3233,1073,1065,1121,1055,1011,1447,912,1069,1289,1211,1175,1786,6261,0,6261
2021,1,A,골목상권,2110919,내방역 8번,13933,6599,7334,2384,1838,2043,2259,2093,3316,1253,890,880,1029,1004,1543,1131,948,1163,1230,1089,1773,5566,0,5566
2021,1,A,골목상권,2110920,방배역 2번(백석예술대학교),6124,2966,3158,896,900,958,912,1004,1454,482,463,441,419,477,684,414,437,517,493,527,770,2549,0,2549
2021,1,A,골목상권,2110921,서울프랑스학교,7708,3562,4146,1562,940,838,1457,1195,1716,788,429,340,650,565,790,774,511,498,807,630,926,2908,0,2908
2021,1,A,골목상권,2110922,내방역 1번,12237,5735,6502,1812,1682,2048,1990,1741,2964,944,795,903,912,833,1348,868,887,1145,1078,908,1616,5418,0,5418
2021,1,A,골목상권,2110923,방배역 1번,6628,3266,3362,988,850,1058,946,1058,1728,552,456,493,451,496,818,436,394,565,495,562,910,2685,0,2685
2021,1,A,골목상권,2110924,반포4동주민센터(몽마르뜨공원),10541,4849,5692,2053,1325,1399,1905,1571,2288,1047,604,593,839,749,1017,1006,721,806,1066,822,1271,4090,0,4090
2021,1,A,골목상권,2110925,서초중학교,9471,4682,4789,1418,1478,1437,1551,1534,2053,816,789,693,721,736,927,602,689,744,830,798,1126,4016,0,4016
2021,1,A,골목상권,2110926,신중초등학교,12610,6147,6463,2136,1938,1746,2072,1986,2732,1199,908,835,965,963,1277,937,1030,911,1107,1023,1455,5112,0,5112
2021,1,A,골목상권,2110927,잠원역,16165,7671,8494,3648,1768,1856,3226,2643,3024,1847,879,815,1460,1317,1353,1801,889,1041,1766,1326,1671,5665,0,5665
2021,1,A,골목상권,2110928,서초우방유쉘아파트,5846,2938,2908,660,1035,1378,980,839,954,379,477,685,500,430,467,281,558,693,480,409,487,3286,0,3286
2021,1,A,골목상권,2110929,남부터미널역 1번,17993,8694,9299,3096,2392,3058,3330,2519,3598,1640,1108,1406,1604,1253,1683,1456,1284,1652,1726,1266,1915,8085,0,8085
2021,1,A,골목상권,2110930,서초동성당,15877,7630,8247,2944,2009,2469,2962,2333,3160,1524,990,1101,1428,1144,1443,1420,1019,1368,1534,1189,1717,6483,0,6483
2021,1,A,골목상권,2110931,삼성전자서울R&D(서울우면초등학교),1228,612,616,274,124,162,211,171,286,140,68,85,92,89,138,134,56,77,119,82,148,447,0,447
2021,1,A,골목상권,2110932,서울시인재개발원,6425,3174,3251,1223,798,989,1132,986,1297,668,403,458,547,493,605,555,395,531,585,493,692,2516,0,2516
2021,1,A,골목상권,2110933,한국상담대학원대학교,7552,3724,3828,1504,919,1188,1446,1102,1393,816,448,567,694,557,642,688,471,621,752,545,751,3030,0,3030
2021,1,A,골목상권,2110934,우면주공아파트,8222,3917,4305,1110,905,1270,1203,1167,2567,592,467,631,614,532,1081,518,438,639,589,635,1486,3717,0,3717
2021,1,A,골목상권,2110935,한전아트센터,6587,3273,3314,1334,784,1059,1289,947,1174,730,402,486,616,497,542,604,382,573,673,450,632,2640,0,2640
2021,1,A,골목상권,2110936,더케이호텔(양재리본타워2단지아파트),2341,1144,1197,503,274,337,450,319,458,280,131,153,220,158,202,223,143,184,230,161,256,883,0,883
2021,1,A,골목상권,2110937,방아다리근린공원(횃불트리니티신학대학원대학교),3201,1542,1659,322,478,695,440,456,810,165,226,367,195,217,372,157,252,328,245,239,438,1625,0,1625
2021,1,A,골목상권,2110938,바우뫼공원,2785,1332,1453,467,347,452,464,386,669,227,180,215,213,187,310,240,167,237,251,199,359,1183,0,1183
2021,1,A,골목상권,2110939,양재역 8번(양재동우체국),14545,6985,7560,1746,2304,2861,2261,2159,3214,886,1095,1427,1097,1027,1453,860,1209,1434,1164,1132,1761,7224,0,7224
2021,1,A,골목상권,2110940,양재근린공원(양재2동주민센터),4915,2487,2428,587,767,991,778,733,1059,293,391,538,393,378,494,294,376,453,385,355,565,2573,0,2573
2021,1,A,골목상권,2110941,언남고등학교,5679,2871,2808,705,862,1141,922,873,1176,372,416,613,464,444,562,333,446,528,458,429,614,2888,0,2888
2021,1,A,골목상권,2110942,염곡동 구룡사(포이동성당),16899,8421,8478,2371,2507,3374,2801,2596,3250,1214,1327,1747,1414,1260,1459,1157,1180,1627,1387,1336,1791,7974,0,7974
2021,1,A,골목상권,2110943,법제교육센터(버들어린이공원),12487,6220,6267,1676,1926,2591,2055,1941,2298,898,966,1351,1026,937,1042,778,960,1240,1029,1004,1256,5877,0,5877
2021,1,A,골목상권,2110944,서울나래학교(염곡어린이공원),924,456,468,92,94,110,123,154,351,43,47,60,62,72,172,49,47,50,61,82,179,453,0,453
2021,1,A,골목상권,2110945,본마을노인복지센터(서초구립내곡도서관),5953,2866,3087,1052,623,856,927,887,1608,529,316,404,460,401,756,523,307,452,467,486,852,2234,0,2234
2021,1,A,골목상권,2110946,청계산원터골,1595,782,813,172,216,352,280,180,395,83,92,168,157,94,188,89,124,184,123,86,207,939,0,939
2021,1,A,골목상권,2110947,청계산입구역 2번(내곡동주민센터),5345,2550,2795,874,598,910,887,694,1382,440,279,430,453,313,635,434,319,480,434,381,747,2349,0,2349
2021,1,A,골목상권,2110948,헌인가구단지,213,141,72,34,43,14,12,38,72,32,33,10,7,25,34,2,10,4,5,13,38,83,0,83
2021,1,A,골목상권,2110949,한남IC,8714,4150,4564,1555,1207,1204,1653,1398,1697,808,571,526,736,721,788,747,636,678,917,677,909,3611,0,3611
2021,1,A,골목상권,2110950,논현역 7번,5992,2753,3239,519,1059,1331,1019,843,1221,253,480,616,469,404,531,266,579,715,550,439,690,3321,0,3321
2021,1,A,골목상권,2110951,신사은행나무공원,5507,2458,3049,680,984,1157,955,655,1076,346,405,517,409,305,476,334,579,640,546,350,600,3016,0,3016
2021,1,A,골목상권,2110952,논현목련공원,8702,4077,4625,583,1671,2114,1596,1090,1648,283,778,990,765,545,716,300,893,1124,831,545,932,5625,0,5625
2021,1,A,골목상권,2110953,학동근린공원,6707,3059,3648,580,1190,1561,1164,876,1336,270,545,716,533,415,580,310,645,845,631,461,756,3847,0,3847
2021,1,A,골목상권,2110954,국기원,3563,1768,1795,218,856,1090,525,356,518,101,376,566,289,183,253,117,480,524,236,173,265,2543,0,2543
2021,1,A,골목상권,2110955,논현초등학교,19093,9052,10041,1238,4018,5076,3258,2180,3323,601,1786,2459,1613,1103,1490,637,2232,2617,1645,1077,1833,12441,0,12441
2021,1,A,골목상권,2110956,언주역 8번,7797,3882,3915,502,1673,2259,1201,886,1276,249,775,1176,626,461,595,253,898,1083,575,425,681,5119,0,5119
2021,1,A,골목상권,2110957,언북중학교,4034,1850,2184,314,704,1045,679,495,797,162,293,469,355,230,341,152,411,576,324,265,456,2477,0,2477
2021,1,A,골목상권,2110958,역삼역 4번,5601,2836,2765,351,1268,1623,842,632,885,172,584,851,444,358,427,179,684,772,398,274,458,3846,0,3846
2021,1,A,골목상권,2110959,신구중학교,3117,1473,1644,461,407,467,572,421,789,240,201,214,269,211,338,221,206,253,303,210,451,1431,0,1431
2021,1,A,골목상권,2110960,은광여고,6737,3193,3544,869,1234,1517,1131,892,1094,406,532,726,547,461,521,463,702,791,584,431,573,3582,0,3582
2021,1,A,골목상권,2110961,언주역 3번,10089,4762,5327,997,1823,2381,1737,1333,1818,492,834,1146,833,665,792,505,989,1235,904,668,1026,5880,0,5880
2021,1,A,골목상권,2110962,도산공원북측,2093,1006,1087,325,264,316,404,287,497,168,123,153,195,150,217,157,141,163,209,137,280,937,0,937
2021,1,A,골목상권,2110963,역삼월드메르디앙아파트,12151,5805,6346,1463,2207,2582,2072,1614,2213,748,976,1255,1008,771,1047,715,1231,1327,1064,843,1166,6511,0,6511
2021,1,A,골목상권,2110964,싸리고개근린공원,12560,5907,6653,2524,1565,1713,2433,1883,2442,1201,719,742,1188,896,1161,1323,846,971,1245,987,1281,4774,0,4774
2021,1,A,골목상권,2110965,언주역 6번,8751,4204,4547,681,1637,2476,1569,1076,1312,328,739,1178,787,573,599,353,898,1298,782,503,713,5655,0,5655
2021,1,A,골목상권,2110966,논현2동주민센터,9354,4338,5016,1194,1412,1712,1690,1329,2017,621,626,757,791,635,908,573,786,955,899,694,1109,4657,0,4657
2021,1,A,골목상권,2110967,역삼역 8번,7417,3613,3804,485,1461,2251,1294,846,1080,233,647,1095,660,477,501,252,814,1156,634,369,579,5007,0,5007
2021,1,A,골목상권,2110968,강남구청역 2번,8312,3905,4407,1149,1217,1560,1568,1209,1609,609,560,670,713,627,726,540,657,890,855,582,883,4207,0,4207
2021,1,A,골목상권,2110969,베르사이유1아파트,9005,4395,4610,1292,1634,2149,1635,1109,1186,677,664,1025,842,626,561,615,970,1124,793,483,625,5233,0,5233
2021,1,A,골목상권,2110970,학동초등학교,10455,4818,5637,1256,1721,2174,1930,1480,1894,678,762,939,891,734,814,578,959,1235,1039,746,1080,5612,0,5612
2021,1,A,골목상권,2110971,선정릉역 4번,12874,6046,6828,1044,2484,3502,2208,1618,2018,519,1056,1628,1134,828,881,525,1428,1874,1074,790,1137,8024,0,8024
2021,1,A,골목상권,2110972,강남세브란스병원미래의학연구센터,13163,6211,6952,2115,2124,2331,2476,1811,2306,1093,925,1058,1177,917,1041,1022,1199,1273,1299,894,1265,6486,0,6486
2021,1,A,골목상권,2110973,강남구청역 4번,15506,7267,8239,3197,2182,2467,3178,2150,2332,1732,969,1023,1453,1065,1025,1465,1213,1444,1725,1085,1307,6467,0,6467
2021,1,A,골목상권,2110974,언주중학교,11537,5408,6129,2087,1605,1878,2370,1621,1976,1112,751,771,1063,822,889,975,854,1107,1307,799,1087,5350,0,5350
2021,1,A,골목상권,2110975,매봉역 1번,6668,3184,3484,956,1005,1066,934,1200,1507,468,490,489,430,553,754,488,515,577,504,647,753,2603,0,2603
2021,1,A,골목상권,2110976,언북초등학교,10320,4789,5531,1847,1595,1793,1979,1383,1723,1011,653,747,937,669,772,836,942,1046,1042,714,951,4663,0,4663
2021,1,A,골목상권,2110977,논현로18길,8862,4384,4478,1130,1476,1606,1450,1511,1689,584,723,838,700,754,785,546,753,768,750,757,904,4386,0,4386
2021,1,A,골목상권,2110978,도곡2동주민센터(대치중학교),5115,2409,2706,666,703,800,736,833,1377,355,319,359,336,396,644,311,384,441,400,437,733,2212,0,2212
2021,1,A,골목상권,2110979,청담초등학교,5298,2419,2879,818,673,692,911,868,1336,398,315,279,405,406,616,420,358,413,506,462,720,2361,0,2361
2021,1,A,골목상권,2110980,개포지구대옆,11384,5525,5859,1545,1699,1791,1880,1894,2575,791,805,872,903,962,1192,754,894,919,977,932,1383,5468,0,5468
2021,1,A,골목상권,2110981,국악고교사거리,12922,6431,6491,1667,2122,2428,2143,2165,2397,861,1062,1278,1042,1086,1102,806,1060,1150,1101,1079,1295,6230,0,6230
2021,1,A,골목상권,2110982,강남구보훈회관,12241,5841,6400,2766,1342,1945,2747,1597,1844,1539,632,783,1235,821,831,1227,710,1162,1512,776,1013,4970,0,4970
2021,1,A,골목상권,2110983,국립국악고등학교,13302,6479,6823,2215,1858,2034,2326,2270,2599,1123,936,985,1104,1137,1194,1092,922,1049,1222,1133,1405,5688,0,5688
2021,1,A,골목상권,2110984,포이초등학교(개포목련어린이공원),11975,5917,6058,1913,1754,2042,2018,1970,2278,1005,909,1036,960,974,1033,908,845,1006,1058,996,1245,5082,0,5082
2021,1,A,골목상권,2110985,청담근린공원,7280,3440,3840,989,964,1100,1138,1218,1871,525,476,501,517,550,871,464,488,599,621,668,1000,3241,0,3241
2021,1,A,골목상권,2110986,삼성중앙역 7번,8238,3937,4301,1160,1292,1650,1580,1138,1418,634,619,726,753,570,635,526,673,924,827,568,783,4217,0,4217
2021,1,A,골목상권,2110987,영동대교남단,6547,2975,3572,972,893,1078,1148,1062,1394,489,406,468,513,475,624,483,487,610,635,587,770,3010,0,3010
2021,1,A,골목상권,2110988,청담역 3번,6990,3402,3588,1163,868,943,1094,1048,1874,649,432,415,516,505,885,514,436,528,578,543,989,2708,0,2708
2021,1,A,골목상권,2110989,대치동아우편취급국,13310,6264,7046,2046,2270,2483,2705,1947,1859,1079,1047,1107,1194,991,846,967,1223,1376,1511,956,1013,7048,0,7048
2021,1,A,골목상권,2110990,청담역 12번,3245,1595,1650,489,405,411,502,487,951,279,211,185,241,232,447,210,194,226,261,255,504,1278,0,1278
2021,1,A,골목상권,2110991,삼성중앙역 5번,3284,1582,1702,460,498,593,584,505,644,247,228,255,286,260,306,213,270,338,298,245,338,1694,0,1694
2021,1,A,골목상권,2110992,도곡초등학교,23573,11461,12112,4871,3542,2791,5044,3991,3334,2731,1781,1273,2116,2061,1499,2140,1761,1518,2928,1930,1835,10040,0,10040
2021,1,A,골목상권,2110993,개포지하차도 북측,2687,1317,1370,529,336,414,411,421,576,277,180,194,201,200,265,252,156,220,210,221,311,1005,0,1005
2021,1,A,골목상권,2110994,개포고등학교,5589,2749,2840,1024,702,844,933,809,1277,548,358,404,442,402,595,476,344,440,491,407,682,2242,0,2242
2021,1,A,골목상권,2110995,봉은사역 4번,9017,4463,4554,1587,1209,1242,1514,1466,1999,868,690,584,689,698,934,719,519,658,825,768,1065,3560,0,3560
2021,1,A,골목상권,2110996,대치2동주민센터,15397,7942,7455,3526,2034,1283,3213,2808,2533,2188,1148,583,1359,1470,1194,1338,886,700,1854,1338,1339,5585,0,5585
2021,1,A,골목상권,2110997,대청초등학교,19024,9548,9476,3029,2636,2740,3069,2960,4590,1755,1379,1385,1503,1446,2080,1274,1257,1355,1566,1514,2510,8347,0,8347
2021,1,A,골목상권,2110998,은곡마을(은곡마을공원),12016,5803,6213,2464,1488,1942,2063,1857,2202,1244,772,905,979,947,956,1220,716,1037,1084,910,1246,4588,0,4588
2021,1,A,골목상권,2110999,윗방죽마을공원,14473,6908,7565,2323,2227,3267,2499,1818,2339,1177,958,1492,1268,944,1069,1146,1269,1775,1231,874,1270,7366,0,7366
2021,1,A,골목상권,2111000,대왕초등학교(세곡동사거리서남측),3840,1834,2006,783,420,560,663,513,901,390,222,254,338,234,396,393,198,306,325,279,505,1495,0,1495
2021,1,A,골목상권,2111001,아래방죽마을공원(율현초등학교),10750,4977,5773,1672,1729,2383,1868,1176,1922,810,708,1075,955,594,835,862,1021,1308,913,582,1087,5710,0,5710
2021,1,A,골목상권,2111002,한국교통안전공단 강남자동차검사소,30,23,7,5,0,4,5,2,14,4,0,2,5,2,10,1,0,2,0,0,4,18,0,18
2021,1,A,골목상권,2111003,삼전역 4번,31329,14751,16578,3782,5284,6225,4936,4656,6446,1881,2368,3037,2312,2198,2955,1901,2916,3188,2624,2458,3491,15519,0,15519
2021,1,A,골목상권,2111004,삼전역 1번,40978,19476,21502,5573,6604,8034,6933,5819,8015,2835,2935,3848,3344,2844,3670,2738,3669,4186,3589,2975,4345,20571,0,20571
2021,1,A,골목상권,2111005,삼전역 3번,28250,13400,14850,3370,4803,5967,4581,4144,5385,1719,2171,2928,2177,1955,2450,1651,2632,3039,2404,2189,2935,14303,0,14303
2021,1,A,골목상권,2111006,석촌고분역 1번,32284,15223,17061,4141,5317,6550,5453,4658,6165,2119,2391,3108,2605,2220,2780,2022,2926,3442,2848,2438,3385,16355,0,16355
2021,1,A,골목상권,2111007,석촌고분역 4번,24409,11531,12878,2886,4104,5183,3948,3499,4789,1485,1907,2511,1912,1601,2115,1401,2197,2672,2036,1898,2674,12505,0,12505
2021,1,A,골목상권,2111008,석촌고분역 3번,25293,12127,13166,3053,4168,5231,3965,3650,5226,1590,1958,2555,1924,1752,2348,1463,2210,2676,2041,1898,2878,12880,0,12880
2021,1,A,골목상권,2111009,송파책박물관,16626,8084,8542,2509,2463,3318,2612,2385,3339,1308,1243,1636,1274,1118,1505,1201,1220,1682,1338,1267,1834,7278,0,7278
2021,1,A,골목상권,2111010,석촌역 7번,25620,12023,13597,2761,4581,5718,3862,3638,5060,1411,1979,2749,1871,1716,2297,1350,2602,2969,1991,1922,2763,13515,0,13515
2021,1,A,골목상권,2111011,잠실나루역,12404,5882,6522,2664,1293,1808,2250,1766,2623,1363,621,768,1072,830,1228,1301,672,1040,1178,936,1395,4304,0,4304
2021,1,A,골목상권,2111012,석촌역 6번,22938,10988,11950,2799,3866,4791,3495,3341,4646,1423,1760,2301,1707,1681,2116,1376,2106,2490,1788,1660,2530,11557,0,11557
2021,1,A,골목상권,2111013,송파나루역 1번(송리단길),23495,11061,12434,2256,4395,5315,3406,3311,4812,1112,1952,2626,1631,1537,2203,1144,2443,2689,1775,1774,2609,12456,0,12456
2021,1,A,골목상권,2111014,송파나루역 2번,19550,9152,10398,1640,4121,4792,2716,2605,3676,820,1721,2346,1340,1224,1701,820,2400,2446,1376,1381,1975,11396,0,11396
2021,1,A,골목상권,2111015,석촌역 3번,30753,14533,16220,3475,5490,6339,4474,4503,6472,1743,2481,3099,2147,2119,2944,1732,3009,3240,2327,2384,3528,15229,0,15229
2021,1,A,골목상권,2111016,송파역 2번,21725,10402,11323,3570,3104,3575,3209,3503,4764,1804,1443,1726,1538,1659,2232,1766,1661,1849,1671,1844,2532,8429,0,8429
2021,1,A,골목상권,2111017,송파나루역 3번,16092,7700,8392,1930,2750,3242,2301,2374,3495,1000,1276,1630,1095,1100,1599,930,1474,1612,1206,1274,1896,7675,0,7675
2021,1,A,골목상권,2111018,풍납초등학교(풍납백제문화공원),13017,6361,6656,1680,1670,1906,1894,2254,3613,891,885,960,925,1072,1628,789,785,946,969,1182,1985,5659,0,5659
2021,1,A,골목상권,2111019,한성백제역 3번,23017,11030,11987,2805,4000,4698,3430,3395,4689,1499,1854,2331,1662,1562,2122,1306,2146,2367,1768,1833,2567,11333,0,11333
2021,1,A,골목상권,2111020,방이동고분군(방산고등학교),14803,7174,7629,2505,2226,2062,2228,2527,3255,1287,1132,989,1004,1198,1564,1218,1094,1073,1224,1329,1691,5338,0,5338
2021,1,A,골목상권,2111021,방이역 4번,31409,15128,16281,4908,4759,4944,4893,5084,6821,2550,2343,2412,2280,2385,3158,2358,2416,2532,2613,2699,3663,12867,0,12867
2021,1,A,골목상권,2111022,석촌중학교(방이육교),24111,11811,12300,3711,3523,3747,3514,4130,5486,1902,1744,1827,1686,1966,2686,1809,1779,1920,1828,2164,2800,9515,0,9515
2021,1,A,골목상권,2111023,문정역 1번,16249,7778,8471,1835,3179,3842,2309,2243,2841,962,1338,1884,1157,1118,1319,873,1841,1958,1152,1125,1522,8575,0,8575
2021,1,A,골목상권,2111024,경찰병원역 4번(건너말공원),13822,6906,6916,1550,2391,2490,1978,2375,3038,833,1155,1289,980,1177,1472,717,1236,1201,998,1198,1566,6491,0,6491
2021,1,A,골목상권,2111025,경찰병원역 3번,21317,10465,10852,3694,3102,3505,3641,3358,4017,1940,1529,1697,1769,1652,1878,1754,1573,1808,1872,1706,2139,8659,0,8659
2021,1,A,골목상권,2111026,문정역 2번,26833,12709,14124,3365,5029,6867,4057,3548,3967,1674,2105,3398,2020,1691,1821,1691,2924,3469,2037,1857,2146,13701,0,13701
2021,1,A,골목상권,2111027,문정초등학교,21731,10705,11026,2946,3542,3926,3064,3516,4737,1516,1724,2051,1513,1653,2248,1430,1818,1875,1551,1863,2489,9341,0,9341
2021,1,A,골목상권,2111028,문현중학교(장지역 1번),22288,10470,11818,2770,4116,5730,3344,2948,3380,1370,1721,2830,1665,1383,1501,1400,2395,2900,1679,1565,1879,11427,0,11427
2021,1,A,골목상권,2111029,오금역 4번,12926,6365,6561,2474,1772,2001,2290,2061,2328,1316,878,975,1110,1006,1080,1158,894,1026,1180,1055,1248,4993,0,4993
2021,1,A,골목상권,2111030,방이역 2번,11000,5318,5682,1557,1602,1482,1435,1928,2996,805,808,697,660,917,1431,752,794,785,775,1011,1565,4248,0,4248
2021,1,A,골목상권,2111031,장지동주민센터(한림연예예술고교),17912,8799,9113,3119,2568,3055,2911,2755,3504,1573,1287,1528,1447,1324,1640,1546,1281,1527,1464,1431,1864,7201,0,7201
2021,1,A,골목상권,2111032,방이역 1번,19549,9424,10125,3426,2639,2433,2975,3374,4702,1769,1350,1121,1356,1596,2232,1657,1289,1312,1619,1778,2470,7109,0,7109
2021,1,A,골목상권,2111033,문정동성당,7674,3735,3939,1306,1058,1190,1180,1241,1699,669,533,563,563,607,800,637,525,627,617,634,899,3082,0,3082
2021,1,A,골목상권,2111034,오동나무공원(송파레미니스1단지),16213,7868,8345,3014,2230,2323,2684,2697,3265,1605,1152,1123,1281,1269,1438,1409,1078,1200,1403,1428,1827,6357,0,6357
2021,1,A,골목상권,2111035,오금공원(오주중학교),17290,8438,8852,2908,2429,2537,2732,2996,3688,1532,1254,1279,1317,1415,1641,1376,1175,1258,1415,1581,2047,7015,0,7015
2021,1,A,골목상권,2111036,투구봉어린이공원,12504,6062,6442,1936,1746,1895,1886,2109,2932,1002,858,989,874,985,1354,934,888,906,1012,1124,1578,4953,0,4953
2021,1,A,골목상권,2111037,Sh수협은행 오금동금융센터(아랫말어린이공원),12244,5952,6292,2183,1694,1788,1975,2020,2584,1147,894,887,959,930,1135,1036,800,901,1016,1090,1449,5002,0,5002
2021,1,A,골목상권,2111038,보인중학교,14812,7322,7490,2108,2111,2140,2337,2692,3424,1136,1087,1097,1139,1304,1559,972,1024,1043,1198,1388,1865,6056,0,6056
2021,1,A,골목상권,2111039,벌말어린이공원,18820,9267,9553,2972,2618,2674,2956,3323,4277,1574,1360,1361,1454,1585,1933,1398,1258,1313,1502,1738,2344,7709,0,7709
2021,1,A,골목상권,2111040,거여초등학교,14946,7373,7573,2451,1992,2185,2359,2568,3391,1302,1037,1107,1171,1222,1534,1149,955,1078,1188,1346,1857,6102,0,6102
2021,1,A,골목상권,2111041,거여역 8번,7450,3758,3692,1012,1072,1042,1121,1326,1877,544,570,544,547,663,890,468,502,498,574,663,987,3143,0,3143
2021,1,A,골목상권,2111042,거여역 1번(거여공원),24661,12449,12212,3204,3312,3305,3771,4477,6592,1703,1741,1734,1921,2239,3111,1501,1571,1571,1850,2238,3481,10924,0,10924
2021,1,A,골목상권,2111043,마천공원,13261,6600,6661,1674,1760,1801,1971,2508,3547,878,914,972,997,1205,1634,796,846,829,974,1303,1913,5648,0,5648
2021,1,A,골목상권,2111044,남천초등학교,17699,8942,8757,2027,2190,2078,2484,3379,5541,1029,1167,1145,1305,1714,2582,998,1023,933,1179,1665,2959,8224,0,8224
2021,1,A,골목상권,2111045,개미어린이공원,16939,8447,8492,2669,2042,2090,2650,3035,4453,1379,1052,1094,1316,1525,2081,1290,990,996,1334,1510,2372,7093,0,7093
2021,1,A,골목상권,2111046,마천역(마천초등학교),31225,15906,15319,4087,3705,3808,4519,5680,9426,2060,1970,2066,2376,2979,4455,2027,1735,1742,2143,2701,4971,14305,0,14305
2021,1,A,골목상권,2111047,마천1치안센터,19656,10032,9624,2653,2417,2204,2843,3546,5993,1383,1253,1204,1459,1887,2846,1270,1164,1000,1384,1659,3147,8664,0,8664
2021,1,A,골목상권,2111048,천호역 1번(천호문구완구거리),12204,5954,6250,1044,1847,2323,1746,2012,3232,545,841,1172,907,1014,1475,499,1006,1151,839,998,1757,6643,0,6643
2021,1,A,골목상권,2111049,천호지구대(천호동자전거거리),18050,8913,9137,1743,2695,3544,2610,2974,4484,900,1196,1814,1398,1501,2104,843,1499,1730,1212,1473,2380,9646,0,9646
2021,1,A,골목상권,2111050,강동구청(강동구청역 2번),11431,5517,5914,1732,1534,1898,1854,1746,2667,888,741,930,903,842,1213,844,793,968,951,904,1454,5003,0,5003
2021,1,A,골목상권,2111051,천호역 6번,27188,13284,13904,3031,4257,4636,4024,4253,6987,1556,1904,2411,2074,2124,3215,1475,2353,2225,1950,2129,3772,13949,0,13949
2021,1,A,골목상권,2111052,암사역 3번(천호동자전거거리),24143,11862,12281,3344,3274,4756,3690,3634,5445,1704,1543,2425,1914,1747,2529,1640,1731,2331,1776,1887,2916,10837,0,10837
2021,1,A,골목상권,2111053,성내천어린이공원(하니사랑길),17230,8405,8825,2764,2392,2680,2786,2682,3926,1512,1248,1270,1319,1264,1792,1252,1144,1410,1467,1418,2134,6954,0,6954
2021,1,A,골목상권,2111054,암사역 4번(삼성광나루아파트),15309,7517,7792,2261,1935,2679,2413,2259,3762,1180,966,1356,1216,1084,1715,1081,969,1323,1197,1175,2047,6517,0,6517
2021,1,A,골목상권,2111055,선사초등학교,8948,4398,4550,1463,1108,1396,1444,1338,2199,773,577,685,718,636,1009,690,531,711,726,702,1190,3562,0,3562
2021,1,A,골목상권,2111056,천호태영아파트,14429,6981,7448,1307,2650,2835,2050,2258,3329,641,1105,1448,1053,1193,1541,666,1545,1387,997,1065,1788,8032,0,8032
2021,1,A,골목상권,2111057,천호공원(해공체육문화센터),21294,10720,10574,2216,2889,3220,3031,3708,6230,1128,1447,1753,1578,1947,2867,1088,1442,1467,1453,1761,3363,11002,0,11002
2021,1,A,골목상권,2111058,성내중학교,19056,9368,9688,2580,2812,3029,2922,3179,4534,1375,1434,1525,1448,1520,2066,1205,1378,1504,1474,1659,2468,8533,0,8533
2021,1,A,골목상권,2111059,강동역 4번(강풀만화거리),45660,21988,23672,5074,7625,8231,6780,7137,10813,2620,3387,4093,3399,3483,5006,2454,4238,4138,3381,3654,5807,22790,0,22790
2021,1,A,골목상권,2111060,암사역 2번(서울강동초등학교),38906,19267,19639,4785,5418,6582,5830,6389,9902,2406,2706,3436,3047,3102,4570,2379,2712,3146,2783,3287,5332,18462,0,18462
2021,1,A,골목상권,2111061,암사역 1번,38183,18869,19314,4761,5246,6171,5917,6229,9859,2460,2659,3207,3035,3012,4496,2301,2587,2964,2882,3217,5363,17961,0,17961
2021,1,A,골목상권,2111062,둔촌동역 3번(성내3동주민센터),13728,6814,6914,2071,1939,1956,2279,2330,3153,1164,1051,996,1079,1123,1401,907,888,960,1200,1207,1752,5927,0,5927
2021,1,A,골목상권,2111063,강동구립 천호도서관,31400,15262,16138,3001,5206,5728,4448,4997,8020,1538,2225,2880,2289,2603,3727,1463,2981,2848,2159,2394,4293,17029,0,17029
2021,1,A,골목상권,2111064,둔촌동역 4번,20445,10207,10238,2862,3037,2957,3198,3522,4869,1600,1639,1541,1558,1702,2167,1262,1398,1416,1640,1820,2702,8902,0,8902
2021,1,A,골목상권,2111065,천일초등학교,24076,12091,11985,2583,3396,3729,3433,4066,6869,1327,1671,2011,1840,2057,3185,1256,1725,1718,1593,2009,3684,12220,0,12220
2021,1,A,골목상권,2111066,암사동성당(효정하나플러스아파트),31422,15518,15904,3704,4411,4796,4791,5411,8309,1849,2272,2519,2495,2610,3773,1855,2139,2277,2296,2801,4536,14929,0,14929
2021,1,A,골목상권,2111067,강동구립성내도서관,34177,16634,17543,3827,5936,6036,5029,5536,7813,2039,2775,3019,2509,2698,3594,1788,3161,3017,2520,2838,4219,17021,0,17021
2021,1,A,골목상권,2111068,강동성심병원,15806,7482,8324,1488,3131,3525,2249,2230,3183,763,1261,1704,1139,1098,1517,725,1870,1821,1110,1132,1666,8726,0,8726
2021,1,A,골목상권,2111069,천호1동주민센터,33121,16510,16611,3854,4582,4963,4934,5692,9096,1945,2309,2667,2617,2789,4183,1909,2273,2296,2317,2903,4913,15896,0,15896
2021,1,A,골목상권,2111070,천호초등학교,25088,12307,12781,2921,3542,3738,3753,4349,6785,1461,1816,1938,1963,2073,3056,1460,1726,1800,1790,2276,3729,11850,0,11850
2021,1,A,골목상권,2111071,천동초등학교,16929,8370,8559,1927,2403,2770,2560,2753,4516,979,1143,1457,1348,1303,2140,948,1260,1313,1212,1450,2376,7853,0,7853
2021,1,A,골목상권,2111072,굽은다리역 1번(십자성마을),34584,17031,17553,3959,4874,5365,5194,5724,9468,2040,2402,2796,2726,2716,4351,1919,2472,2569,2468,3008,5117,16281,0,16281
2021,1,A,골목상권,2111073,둔촌동역 1번(한산중학교),27531,13512,14019,3512,4480,4550,4107,4490,6392,1790,2163,2342,2078,2192,2947,1722,2317,2208,2029,2298,3445,13170,0,13170
2021,1,A,골목상권,2111074,명일역 1번,22043,10897,11146,3453,2945,3058,3549,3623,5415,1779,1527,1544,1768,1790,2489,1674,1418,1514,1781,1833,2926,9281,0,9281
2021,1,A,골목상권,2111075,굽은다리역 2번,24669,12020,12649,3175,3488,3521,3741,4098,6646,1565,1764,1807,1884,1986,3014,1610,1724,1714,1857,2112,3632,11135,0,11135
2021,1,A,골목상권,2111076,둔촌2동주민센터,20306,9984,10322,2728,2913,3015,2941,3476,5233,1442,1435,1580,1465,1659,2403,1286,1478,1435,1476,1817,2830,9018,0,9018
2021,1,A,골목상권,2111077,길동주민센터(강동도서관),44008,21672,22336,5516,6653,7032,6498,7346,10963,2919,3212,3625,3319,3521,5076,2597,3441,3407,3179,3825,5887,20312,0,20312
2021,1,A,골목상권,2111078,굽은다리역 4번,32331,15744,16587,4060,4589,5024,4787,5403,8468,2113,2289,2517,2431,2509,3885,1947,2300,2507,2356,2894,4583,14001,0,14001
2021,1,A,골목상권,2111079,둔촌고등학교(둔촌중학교),19826,9731,10095,3131,2778,2945,3000,3193,4779,1623,1390,1483,1515,1495,2225,1508,1388,1462,1485,1698,2554,8248,0,8248
2021,1,A,골목상권,2111080,굽은다리역 3번,20161,9820,10341,3006,2732,2984,2874,3278,5287,1524,1385,1522,1396,1552,2441,1482,1347,1462,1478,1726,2846,8059,0,8059
2021,1,A,골목상권,2111081,둔촌푸르지오아파트,12060,5841,6219,1773,1641,1734,1736,2018,3158,952,833,851,877,905,1423,821,808,883,859,1113,1735,4857,0,4857
2021,1,A,골목상권,2111082,중앙보훈병원,9758,4828,4930,1440,1363,1404,1327,1688,2536,773,723,709,676,758,1189,667,640,695,651,930,1347,3836,0,3836
2021,1,A,골목상권,2111083,GS강동자이아파트,23379,11462,11917,3390,3179,3358,3440,3974,6038,1806,1637,1660,1735,1856,2768,1584,1542,1698,1705,2118,3270,9549,0,9549
2021,1,A,골목상권,2111084,길동신동아아파트,13242,6446,6796,1756,1895,2118,1973,2269,3231,929,956,1052,996,1073,1440,827,939,1066,977,1196,1791,5780,0,5780
2021,1,A,골목상권,2111085,묘곡초등학교(고덕아이파크아파트),17401,8941,8460,4187,1780,2160,3586,2531,3157,2346,968,1022,1794,1315,1496,1841,812,1138,1792,1216,1661,6158,0,6158
2021,1,A,골목상권,2111086,한영중고,11672,5758,5914,2516,1385,1194,2099,1869,2609,1297,731,614,956,918,1242,1219,654,580,1143,951,1367,4037,0,4037
2021,1,A,골목상권,2111087,고덕중학교(고덕2동주민센터),8423,4354,4069,1570,918,1452,1373,1266,1844,820,514,762,724,637,897,750,404,690,649,629,947,3504,0,3504
2021,1,A,골목상권,2111088,고덕동성당,12677,6247,6430,2302,1691,2141,1904,2049,2590,1179,859,1052,947,1006,1204,1123,832,1089,957,1043,1386,4928,0,4928
2021,1,A,골목상권,2111089,상일여고(상일초등학교),11533,5759,5774,2269,1427,1723,1839,1902,2373,1162,753,839,939,922,1144,1107,674,884,900,980,1229,4395,0,4395
2021,1,A,골목상권,2111090,강일동주민센터,6033,2953,3080,1151,734,789,1092,870,1397,613,364,379,550,442,605,538,370,410,542,428,792,2683,0,2683
