기준_년_코드,기준_분기_코드,상권_구분_코드,상권_구분_코드_명,상권_코드,상권_코드_명,총_직장_인구_수,남성_직장_인구_수,여성_직장_인구_수,연령대_10_직장_인구_수,연령대_20_직장_인구_수,연령대_30_직장_인구_수,연령대_40_직장_인구_수,연령대_50_직장_인구_수,연령대_60_이상_직장_인구_수,남성연령대_10_직장_인구_수,남성연령대_20_직장_인구_수,남성연령대_30_직장_인구_수,남성연령대_40_직장_인구_수,남성연령대_50_직장_인구_수,남성연령대_60_이상_직장_인구_수,여성연령대_10_직장_인구_수,여성연령대_20_직장_인구_수,여성연령대_30_직장_인구_수,여성연령대_40_직장_인구_수,여성연령대_50_직장_인구_수,여성연령대_60_이상_직장_인구_수
2021,1,A,골목상권,2110001,이북5도청사,5968,4230,1738,11,1084,1435,1383,1526,529,7,566,935,1087,1267,368,4,518,500,296,259,161
2021,1,A,골목상권,2110002,독립문역 1번,689,209,480,7,173,203,166,102,38,6,37,46,59,37,24,1,136,157,107,65,14
2021,1,A,골목상권,2110003,세검정초등학교,4837,2723,2114,16,618,1311,1222,1017,653,7,239,684,764,595,434,9,379,627,458,422,219
2021,1,A,골목상권,2110004,대신고등학교,470,276,194,6,62,109,112,113,68,5,33,63,61,59,55,1,29,46,51,54,13
2021,1,A,골목상권,2110005,세검정,2723,1465,1258,9,347,715,720,623,309,3,150,361,399,341,211,6,197,354,321,282,98
2021,1,A,골목상권,2110006,부암동주민센터,2706,1329,1377,22,607,897,632,425,123,5,169,414,377,288,76,17,438,483,255,137,47
2021,1,A,골목상권,2110007,사직공원(한국사회과학도서관),3909,1854,2055,7,607,1085,1147,738,325,5,194,468,547,412,228,2,413,617,600,326,97
2021,1,A,골목상권,2110008,배화여자대학교(박노수미술관),6438,3091,3347,46,996,1152,1240,1648,1356,2,446,594,631,700,718,44,550,558,609,948,638
2021,1,A,골목상권,2110009,자하문터널,3823,2257,1566,18,744,1226,968,640,227,8,294,697,639,463,156,10,450,529,329,177,71
2021,1,A,골목상권,2110010,평창동서측,10085,5515,4570,17,1111,2723,3664,1991,579,1,478,1204,2080,1353,399,16,633,1519,1584,638,180
2021,1,A,골목상권,2110011,청운초등학교,1903,814,1089,13,319,483,443,349,296,2,65,197,199,163,188,11,254,286,244,186,108
2021,1,A,골목상권,2110012,성곡미술관,35398,22897,12501,54,4673,9851,10005,7082,3733,14,2168,6479,7283,4722,2231,40,2505,3372,2722,2360,1502
2021,1,A,골목상권,2110013,체부동홍종문가옥,4511,2162,2349,10,616,877,891,1177,940,2,339,523,470,400,428,8,277,354,421,777,512
2021,1,A,골목상권,2110014,경복고등학교,6312,4486,1826,39,965,1807,2046,1188,267,2,591,1278,1554,867,194,37,374,529,492,321,73
2021,1,A,골목상권,2110015,청와대사랑채,6739,4876,1863,37,1083,2014,2132,1170,303,0,655,1432,1686,873,230,37,428,582,446,297,73
2021,1,A,골목상권,2110016,평창동동측,13795,6588,7207,21,1223,3779,5325,2832,615,10,508,1634,2776,1313,347,11,715,2145,2549,1519,268
2021,1,A,골목상권,2110017,정독도서관,10619,8299,2320,2,1386,2982,3397,2250,602,1,919,2227,2808,1858,486,1,467,755,589,392,116
2021,1,A,골목상권,2110018,중앙고등학교,16741,12521,4220,12,1870,5599,5144,3145,971,6,988,4073,4101,2594,759,6,882,1526,1043,551,212
2021,1,A,골목상권,2110019,창덕궁,16561,12644,3917,19,2000,5478,4941,3044,1079,7,1164,4119,3999,2516,839,12,836,1359,942,528,240
2021,1,A,골목상권,2110020,서울국제고등학교,4389,2090,2299,18,726,1142,1008,872,623,13,270,579,552,374,302,5,456,563,456,498,321
2021,1,A,골목상권,2110021,성균관대학교,2385,1261,1124,15,389,557,545,470,409,11,136,240,309,293,272,4,253,317,236,177,137
2021,1,A,골목상권,2110022,경신고등학교,6493,3007,3486,27,1025,1774,1632,1264,771,19,359,839,781,598,411,8,666,935,851,666,360
2021,1,A,골목상권,2110023,서울대병원,7046,4607,2439,14,1274,2467,1898,965,428,3,575,1567,1454,734,274,11,699,900,444,231,154
2021,1,A,골목상권,2110024,혜회동주민센터,5949,2844,3105,28,785,1351,1599,1359,827,17,260,582,786,715,484,11,525,769,813,644,343
2021,1,A,골목상권,2110025,충신시장옆,9964,6665,3299,17,1748,3097,2714,1736,652,3,767,1987,2027,1429,452,14,981,1110,687,307,200
2021,1,A,골목상권,2110026,종로5가역 4번,3517,2041,1476,9,541,863,909,740,455,2,244,478,511,470,336,7,297,385,398,270,119
2021,1,A,골목상권,2110027,혜화역 1번,3993,2014,1979,11,605,968,1059,834,516,5,166,385,563,521,374,6,439,583,496,313,142
2021,1,A,골목상권,2110028,이화달팽이길,4133,2258,1875,7,726,1068,988,821,523,3,249,525,580,528,373,4,477,543,408,293,150
2021,1,A,골목상권,2110029,동대문역 1번,3350,1894,1456,6,441,722,813,826,542,1,200,416,458,485,334,5,241,306,355,341,208
2021,1,A,골목상권,2110030,동대문역 3번,1437,615,822,0,146,262,447,335,247,0,43,97,144,155,176,0,103,165,303,180,71
2021,1,A,골목상권,2110031,창신역 1번,554,273,281,2,68,132,136,143,73,0,19,63,68,75,48,2,49,69,68,68,25
2021,1,A,골목상권,2110032,수족관거리,2064,916,1148,8,347,439,559,454,257,7,106,176,201,239,187,1,241,263,358,215,70
2021,1,A,골목상권,2110033,창신역 4번,2086,1235,851,4,175,269,339,403,896,0,57,132,185,230,631,4,118,137,154,173,265
2021,1,A,골목상권,2110034,창신1동주민센터,2610,1275,1335,10,415,553,683,590,359,8,137,246,296,337,251,2,278,307,387,253,108
2021,1,A,골목상권,2110035,동묘앞역 2번,4636,2328,2308,6,352,596,971,1056,1655,0,113,271,430,502,1012,6,239,325,541,554,643
2021,1,A,골목상권,2110036,동묘앞역 3번,3249,1861,1388,19,475,515,668,726,846,17,215,271,402,447,509,2,260,244,266,279,337
2021,1,A,골목상권,2110037,신설동역 12번,7347,2905,4442,9,755,1126,1345,1957,2155,0,225,508,614,556,1002,9,530,618,731,1401,1153
2021,1,A,골목상권,2110038,경향신문사,15409,10083,5326,19,2255,4993,5034,2645,463,6,981,3062,3573,2121,340,13,1274,1931,1461,524,123
2021,1,A,골목상권,2110039,회현역 1번,24398,12113,12285,135,4567,7678,7350,3971,697,40,1630,3709,3600,2764,370,95,2937,3969,3750,1207,327
2021,1,A,골목상권,2110040,중구회현체육센터(정화예술대남산캠퍼스),20399,10001,10398,71,2999,6554,6631,3424,720,11,1015,3003,2933,2577,462,60,1984,3551,3698,847,258
2021,1,A,골목상권,2110041,남산케이블카,21568,10294,11274,69,3089,6767,7028,3730,885,11,993,2989,3094,2693,514,58,2096,3778,3934,1037,371
2021,1,A,골목상권,2110042,남산골공원옆,4783,2763,2020,11,548,1077,1518,1120,509,6,247,608,805,744,353,5,301,469,713,376,156
2021,1,A,골목상권,2110043,충무초등학교,9197,5407,3790,49,1867,2374,2374,1584,949,20,680,1347,1582,1097,681,29,1187,1027,792,487,268
2021,1,A,골목상권,2110044,관성묘,36669,17055,19614,451,12150,9596,7053,5156,2263,190,5706,5492,3828,1296,543,261,6444,4104,3225,3860,1720
2021,1,A,골목상권,2110045,동대문역사문화공원역 5번,45426,22509,22917,475,13488,12026,9657,7085,2695,195,6425,7176,5520,2395,798,280,7063,4850,4137,4690,1897
2021,1,A,골목상권,2110046,버티고개,2995,2024,971,3,392,1047,775,588,190,0,206,761,566,361,130,3,186,286,209,227,60
2021,1,A,골목상권,2110047,다산성곽길,7406,4104,3302,14,1449,2072,1776,1474,621,5,541,1110,1076,922,450,9,908,962,700,552,171
2021,1,A,골목상권,2110048,장충동주민센터,12882,7150,5732,36,2260,3570,3462,2641,913,5,823,2090,2108,1542,582,31,1437,1480,1354,1099,331
2021,1,A,골목상권,2110049,장충단 고개,9962,5298,4664,25,2025,2831,2379,1819,883,6,630,1517,1462,1121,562,19,1395,1314,917,698,321
2021,1,A,골목상권,2110050,약수역 7번,2303,1220,1083,4,318,559,563,524,335,2,120,279,330,287,202,2,198,280,233,237,133
2021,1,A,골목상권,2110051,한양공고앞 교차로,2894,1689,1205,9,423,659,731,768,304,2,166,416,454,460,191,7,257,243,277,308,113
2021,1,A,골목상권,2110052,장충초등학교,7627,3969,3658,11,1405,1921,1775,1673,842,5,467,944,1013,991,549,6,938,977,762,682,293
2021,1,A,골목상권,2110053,청구역 1번,5383,2899,2484,5,738,1322,1461,1441,416,3,252,661,814,897,272,2,486,661,647,544,144
2021,1,A,골목상권,2110054,청구역 3번,6203,3266,2937,16,1195,1620,1307,1234,831,5,421,870,771,692,507,11,774,750,536,542,324
2021,1,A,골목상권,2110055,황학동벼룩시장,3042,1645,1397,31,928,652,595,540,296,16,396,333,352,341,207,15,532,319,243,199,89
2021,1,A,골목상권,2110056,신당역 3번,2900,1536,1364,6,461,783,704,555,391,6,194,381,370,312,273,0,267,402,334,243,118
2021,1,A,골목상권,2110057,황학코아루아파트,2115,1166,949,5,348,575,548,400,239,4,168,319,277,224,174,1,180,256,271,176,65
2021,1,A,골목상권,2110058,성심여자고등학교,8454,6100,2354,32,1374,2650,2295,1464,639,15,784,1877,1770,1151,503,17,590,773,525,313,136
2021,1,A,골목상권,2110059,새남터성지,3196,2152,1044,11,491,853,906,661,274,4,251,549,683,496,169,7,240,304,223,165,105
2021,1,A,골목상권,2110060,효창공원앞역 6번,7211,4881,2330,24,1280,1934,1960,1421,592,14,694,1365,1393,983,432,10,586,569,567,438,160
2021,1,A,골목상권,2110061,효창동주민센터,5974,4267,1707,8,974,1567,1609,1209,607,5,555,1149,1205,870,483,3,419,418,404,339,124
2021,1,A,골목상권,2110062,한강로동땡땡거리(은행나무길),9571,5392,4179,16,1072,2335,3099,2183,866,8,465,1231,1677,1434,577,8,607,1104,1422,749,289
2021,1,A,골목상권,2110063,효창공원앞역 5번,6102,4294,1808,25,915,1808,1707,985,662,18,553,1315,1239,686,483,7,362,493,468,299,179
2021,1,A,골목상권,2110064,효창공원앞역 2번,4350,2663,1687,18,593,1122,1112,971,534,16,308,706,691,592,350,2,285,416,421,379,184
2021,1,A,골목상권,2110065,남정초등학교,3515,2475,1040,20,568,1031,937,561,398,16,362,771,668,380,278,4,206,260,269,181,120
2021,1,A,골목상권,2110066,서울역 15번,4687,2417,2270,10,918,1376,996,759,628,5,306,619,554,459,474,5,612,757,442,300,154
2021,1,A,골목상권,2110067,배문고등학교,8614,4267,4347,14,1830,2555,1776,1409,1030,5,506,1119,947,892,798,9,1324,1436,829,517,232
2021,1,A,골목상권,2110068,남영역 1번,10534,7108,3426,48,1834,3359,2754,1651,888,21,965,2182,2055,1256,629,27,869,1177,699,395,259
2021,1,A,골목상권,2110069,숙대입구,8595,4893,3702,31,1607,2846,2045,1332,734,14,680,1474,1258,921,546,17,927,1372,787,411,188
2021,1,A,골목상권,2110070,용산세무서,7939,5013,2926,7,817,1787,2969,1915,444,0,510,1163,1775,1265,300,7,307,624,1194,650,144
2021,1,A,골목상권,2110071,한강미주맨션아파트,8064,4602,3462,40,1013,1799,2828,1862,522,31,446,1073,1552,1149,351,9,567,726,1276,713,171
2021,1,A,골목상권,2110072,열정도,4551,3239,1312,28,750,1138,1119,932,584,11,409,807,866,718,428,17,341,331,253,214,156
2021,1,A,골목상권,2110073,삼각지역 3번,24882,9347,15535,123,6255,8074,6887,2839,704,50,2240,2899,2427,1321,410,73,4015,5175,4460,1518,294
2021,1,A,골목상권,2110074,서울역 12번,36080,21404,14676,180,11191,11602,7333,3938,1836,24,3411,7449,5868,3241,1411,156,7780,4153,1465,697,425
2021,1,A,골목상권,2110075,숙대입구역 1번,16585,6297,10288,168,7307,3895,2570,1725,920,17,977,1713,1667,1230,693,151,6330,2182,903,495,227
2021,1,A,골목상권,2110076,삼각지역 14번,6002,4060,1942,4,649,1637,1939,1419,354,4,356,1043,1439,994,224,0,293,594,500,425,130
2021,1,A,골목상권,2110077,삼광초등학교,10904,3587,7317,161,6225,1915,1250,982,371,16,681,930,949,744,267,145,5544,985,301,238,104
2021,1,A,골목상권,2110078,이촌동점보아파트,4837,3011,1826,17,786,1296,1215,1059,464,3,411,785,813,678,321,14,375,511,402,381,143
2021,1,A,골목상권,2110079,후암동주민센터,26370,18974,7396,29,4638,9384,6904,3904,1511,17,2634,6434,5604,3182,1103,12,2004,2950,1300,722,408
2021,1,A,골목상권,2110080,해방촌예술마을,2607,1687,920,3,326,485,828,763,202,3,119,277,599,550,139,0,207,208,229,213,63
2021,1,A,골목상권,2110081,해방촌 남동측,2277,1520,757,0,210,420,747,723,177,0,84,238,543,529,126,0,126,182,204,194,51
2021,1,A,골목상권,2110082,용산구청,5502,3128,2374,31,1057,1491,1412,1063,448,18,466,777,844,718,305,13,591,714,568,345,143
2021,1,A,골목상권,2110083,서빙고역 1번,7782,5014,2768,20,1542,2118,1985,1422,695,7,687,1379,1388,1051,502,13,855,739,597,371,193
2021,1,A,골목상권,2110084,경리단길북측,2575,1428,1147,8,511,741,625,464,226,5,222,375,345,310,171,3,289,366,280,154,55
2021,1,A,골목상권,2110085,경리단길남측,13583,6464,7119,26,4020,5279,2796,1133,329,12,1128,2390,1742,930,262,14,2892,2889,1054,203,67
2021,1,A,골목상권,2110086,이태원역 북측,18101,8842,9259,50,4925,6856,3887,1818,565,27,1453,3140,2391,1403,428,23,3472,3716,1496,415,137
2021,1,A,골목상권,2110087,이태원엔틱가구거리,6439,3688,2751,31,1233,1753,1633,1215,574,18,527,948,988,811,396,13,706,805,645,404,178
2021,1,A,골목상권,2110088,오산고등학교,10165,6137,4028,22,1462,3094,3318,1687,582,10,653,1517,2260,1276,421,12,809,1577,1058,411,161
2021,1,A,골목상권,2110089,서빙고동주민센터,2543,1491,1052,2,350,655,776,449,311,0,109,359,499,312,212,2,241,296,277,137,99
2021,1,A,골목상권,2110090,한국폴리텍대학서울정수캠퍼스,8083,4908,3175,18,1242,2436,2730,1210,447,8,540,1218,1919,926,297,10,702,1218,811,284,150
2021,1,A,골목상권,2110091,리움미술관,7513,4522,2991,24,1801,2643,1844,904,297,15,749,1458,1336,748,216,9,1052,1185,508,156,81
2021,1,A,골목상권,2110092,NH농협은행 보광동지점,4109,2859,1250,31,584,1186,1179,823,306,21,305,795,876,631,231,10,279,391,303,192,75
2021,1,A,골목상권,2110093,우사단길,9702,6097,3605,43,1853,3128,2442,1391,845,25,761,1853,1780,1071,607,18,1092,1275,662,320,238
2021,1,A,골목상권,2110094,오산중학교,475,243,232,0,38,115,148,115,59,0,11,56,70,66,40,0,27,59,78,49,19
2021,1,A,골목상권,2110095,한강진역 3번,16261,10270,5991,51,3557,5623,3802,2391,837,29,1573,3350,2741,1953,624,22,1984,2273,1061,438,213
2021,1,A,골목상권,2110096,한남힐사이드아파트,8734,5560,3174,9,1774,3226,2049,1383,293,6,757,1958,1477,1118,244,3,1017,1268,572,265,49
2021,1,A,골목상권,2110097,한남초등학교,7826,5468,2358,14,1401,2935,1774,1222,480,7,711,1893,1374,1079,404,7,690,1042,400,143,76
2021,1,A,골목상권,2110098,서울독일학교,22179,18008,4171,40,2712,5547,6234,6685,961,31,1363,4085,5433,6273,823,9,1349,1462,801,412,138
2021,1,A,골목상권,2110099,유엔빌리지길,22417,18045,4372,50,2713,5729,6376,6735,814,38,1345,4185,5513,6284,680,12,1368,1544,863,451,134
2021,1,A,골목상권,2110100,옥수동우편취급국,8356,6820,1536,8,785,2676,2652,2008,227,4,361,2018,2357,1893,187,4,424,658,295,115,40
2021,1,A,골목상권,2110101,옥정중학교,11800,7925,3875,10,1772,3747,3394,2453,424,5,571,2350,2657,2066,276,5,1201,1397,737,387,148
2021,1,A,골목상권,2110102,옥수역 6번,4523,1702,2821,5,1162,1330,1014,721,291,0,285,464,469,333,151,5,877,866,545,388,140
2021,1,A,골목상권,2110103,옥수터널,652,341,311,1,61,162,188,182,58,0,22,73,103,102,41,1,39,89,85,80,17
2021,1,A,골목상권,2110104,신금호역 4번,1550,885,665,2,200,375,389,317,267,2,69,194,228,192,200,0,131,181,161,125,67
2021,1,A,골목상권,2110105,금동어린이공원,3124,1300,1824,16,371,929,1129,449,230,1,117,326,480,214,162,15,254,603,649,235,68
2021,1,A,골목상권,2110106,금북초등학교,682,416,266,1,112,193,201,134,41,1,66,107,128,85,29,0,46,86,73,49,12
2021,1,A,골목상권,2110107,금호사거리,2741,1185,1556,16,316,815,1029,373,192,1,105,276,444,211,148,15,211,539,585,162,44
2021,1,A,골목상권,2110108,성동구립금호도서관,272,128,144,0,32,55,72,79,34,0,14,29,30,29,26,0,18,26,42,50,8
2021,1,A,골목상권,2110109,금호삼성래미안아파트,2707,1162,1545,17,330,830,1057,350,123,1,119,302,464,178,98,16,211,528,593,172,25
2021,1,A,골목상권,2110110,상왕십리역 6번,2892,1693,1199,14,435,651,657,653,482,5,147,368,443,432,298,9,288,283,214,221,184
2021,1,A,골목상권,2110111,대현산장미원,336,200,136,1,46,57,83,78,71,0,15,28,41,53,63,1,31,29,42,25,8
2021,1,A,골목상권,2110112,행당역 2번,1515,781,734,1,187,321,403,404,199,0,71,141,204,221,144,1,116,180,199,183,55
2021,1,A,골목상권,2110113,응봉산,2383,905,1478,16,296,761,960,256,94,0,90,252,389,108,66,16,206,509,571,148,28
2021,1,A,골목상권,2110114,왕십리파출소,2943,1055,1888,16,538,508,588,804,489,3,198,277,289,197,91,13,340,231,299,607,398
2021,1,A,골목상권,2110115,상왕십리역 3번,5567,2521,3046,19,895,982,1144,1447,1080,4,303,543,630,605,436,15,592,439,514,842,644
2021,1,A,골목상권,2110116,청계천박물관,8711,5833,2878,46,804,1715,2072,2820,1254,33,442,1069,1395,1994,900,13,362,646,677,826,354
2021,1,A,골목상권,2110117,성동구보건소,3376,1242,2134,9,551,497,662,965,692,2,191,247,299,296,207,7,360,250,363,669,485
2021,1,A,골목상권,2110118,왕십리역 9번,2693,1327,1366,12,554,698,635,510,284,2,170,310,345,292,208,10,384,388,290,218,76
2021,1,A,골목상권,2110119,마장지하차도,2657,987,1670,3,257,346,556,850,645,1,141,190,234,227,194,2,116,156,322,623,451
2021,1,A,골목상권,2110120,서울숲카페거리,1582,1046,536,5,184,292,370,390,341,4,93,172,212,275,290,1,91,120,158,115,51
2021,1,A,골목상권,2110121,한양대역 4번,2434,1709,725,0,128,423,780,733,370,0,43,274,532,559,301,0,85,149,248,174,69
2021,1,A,골목상권,2110122,마장역 2번,1517,1003,514,1,159,243,355,441,318,1,89,160,221,294,238,0,70,83,134,147,80
2021,1,A,골목상권,2110123,마장역 3번,1661,1034,627,1,198,311,408,441,302,1,95,185,241,285,227,0,103,126,167,156,75
2021,1,A,골목상권,2110124,뚝섬역교차로,3140,2236,904,14,450,585,706,728,657,12,229,380,469,568,578,2,221,205,237,160,79
2021,1,A,골목상권,2110125,사근동살곶이상점가,2512,1782,730,2,144,443,815,743,365,2,54,289,563,579,295,0,90,154,252,164,70
2021,1,A,골목상권,2110126,서울숲역 1번,4957,3278,1679,19,954,1230,1086,892,776,12,568,830,689,609,570,7,386,400,397,283,206
2021,1,A,골목상권,2110127,성수1가1동주민센터,5851,3818,2033,21,1131,1850,1426,919,504,11,621,1230,924,626,406,10,510,620,502,293,98
2021,1,A,골목상권,2110128,성원중학교,5913,4100,1813,24,740,1417,1504,1425,803,13,428,1018,1078,1009,554,11,312,399,426,416,249
2021,1,A,골목상권,2110129,성원어린이공원,5831,3754,2077,21,932,1339,1290,1152,1097,16,543,871,862,738,724,5,389,468,428,414,373
2021,1,A,골목상권,2110130,답십리역 6번,5783,2708,3075,6,834,1254,1641,1495,553,2,564,856,606,323,357,4,270,398,1035,1172,196
2021,1,A,골목상권,2110131,성수동카페거리,18863,11455,7408,84,3960,5083,4195,3250,2291,51,1964,3230,2724,1930,1556,33,1996,1853,1471,1320,735
2021,1,A,골목상권,2110132,성수2가3동주민센터,4528,2778,1750,14,563,1101,1102,1022,726,11,282,667,706,642,470,3,281,434,396,380,256
2021,1,A,골목상권,2110133,서울교통공사,6588,4563,2025,50,1729,1852,1274,965,718,21,996,1339,950,679,578,29,733,513,324,286,140
2021,1,A,골목상권,2110134,성수119안전센터,4792,3359,1433,79,805,1245,1218,959,486,39,481,883,888,682,386,40,324,362,330,277,100
2021,1,A,골목상권,2110135,성동세무서,7155,4565,2590,12,1071,1813,1835,1515,909,5,579,1158,1197,926,700,7,492,655,638,589,209
2021,1,A,골목상권,2110136,경수초등학교,19912,12290,7622,134,4030,5003,4511,3778,2456,78,1986,3201,2930,2315,1780,56,2044,1802,1581,1463,676
2021,1,A,골목상권,2110137,성수초등학교,15849,10295,5554,64,2391,4011,4214,3217,1952,49,1240,2613,2806,2104,1483,15,1151,1398,1408,1113,469
2021,1,A,골목상권,2110138,송정체육공원,4312,2537,1775,2,725,1148,1094,805,538,0,350,692,688,425,382,2,375,456,406,380,156
2021,1,A,골목상권,2110139,자양4동주민센터,3041,2288,753,62,487,732,735,671,354,28,320,558,574,520,288,34,167,174,161,151,66
2021,1,A,골목상권,2110140,건대입구역 6번,5095,3245,1850,28,632,1049,1230,1212,944,21,284,628,783,815,714,7,348,421,447,397,230
2021,1,A,골목상권,2110141,건대입구역 1번,3299,2189,1110,13,442,738,841,702,563,6,231,484,570,459,439,7,211,254,271,243,124
2021,1,A,골목상권,2110142,화양사거리,4124,2353,1771,5,665,1024,1057,859,514,2,309,600,651,427,364,3,356,424,406,432,150
2021,1,A,골목상권,2110143,뚝섬유원지역 1번,1854,1500,354,4,199,512,536,442,161,1,151,418,445,358,127,3,48,94,91,84,34
2021,1,A,골목상권,2110144,어린이대공원역 4번,1995,1266,729,2,200,302,497,650,344,0,76,165,320,437,268,2,124,137,177,213,76
2021,1,A,골목상권,2110145,장안초등학교,913,444,469,0,95,163,182,275,198,0,30,77,88,131,118,0,65,86,94,144,80
2021,1,A,골목상권,2110146,신자초등학교,3030,2209,821,8,345,709,894,809,265,3,232,532,652,588,202,5,113,177,242,221,63
2021,1,A,골목상권,2110147,능동우편취급국,5319,2666,2653,35,1292,1071,1074,1227,620,22,621,624,558,446,395,13,671,447,516,781,225
2021,1,A,골목상권,2110148,어린이대공원역 3번,1449,1013,436,2,138,200,381,498,230,0,66,128,264,363,192,2,72,72,117,135,38
2021,1,A,골목상권,2110149,세종대학교,1090,593,497,0,153,295,256,226,160,0,69,164,150,110,100,0,84,131,106,116,60
2021,1,A,골목상권,2110150,중곡1동 마을마당,5928,2959,2969,84,1503,1158,1196,1359,628,30,654,632,616,572,455,54,849,526,580,787,173
2021,1,A,골목상권,2110151,자양한강도서관,2520,1817,703,15,490,505,614,608,288,11,373,369,422,418,224,4,117,136,192,190,64
2021,1,A,골목상권,2110152,중곡어린이공원,2482,1526,956,49,471,549,517,545,351,6,194,337,328,368,293,43,277,212,189,177,58
2021,1,A,골목상권,2110153,중곡1동주민센터,5211,2445,2766,82,1436,912,1081,1176,524,28,644,492,513,422,346,54,792,420,568,754,178
2021,1,A,골목상권,2110154,광진정말공원,2494,1436,1058,7,351,455,604,640,437,5,171,260,316,357,327,2,180,195,288,283,110
2021,1,A,골목상권,2110155,광진구청,13911,10903,3008,14,1009,2223,3822,5359,1484,12,536,1458,2986,4650,1261,2,473,765,836,709,223
2021,1,A,골목상권,2110156,군자역 5번,3797,2348,1449,10,541,828,936,817,665,6,297,488,572,478,507,4,244,340,364,339,158
2021,1,A,골목상권,2110157,자양동우체국,2103,1420,683,14,451,461,501,450,226,10,346,329,303,259,173,4,105,132,198,191,53
2021,1,A,골목상권,2110158,중곡3동주민센터,2903,2098,805,5,253,521,703,934,487,1,136,358,470,736,397,4,117,163,233,198,90
2021,1,A,골목상권,2110159,구의역 4번,15886,11761,4125,20,1195,2502,4360,6044,1765,14,552,1526,3278,4933,1458,6,643,976,1082,1111,307
2021,1,A,골목상권,2110160,광진경찰서,2323,1406,917,4,347,648,636,516,172,1,194,397,354,334,126,3,153,251,282,182,46
2021,1,A,골목상권,2110161,중곡역 3번,2364,1591,773,7,197,379,569,778,434,2,89,224,353,586,337,5,108,155,216,192,97
2021,1,A,골목상권,2110162,군자역 4번,3924,2332,1592,15,598,853,977,809,672,8,340,511,565,435,473,7,258,342,412,374,199
2021,1,A,골목상권,2110163,성자초등학교,3129,1834,1295,13,357,640,850,913,356,9,224,372,481,482,266,4,133,268,369,431,90
2021,1,A,골목상권,2110164,아차산역 5번,2694,1609,1085,7,347,531,659,642,508,2,169,304,401,359,374,5,178,227,258,283,134
2021,1,A,골목상권,2110165,국립정신건강센터,2585,1477,1108,3,244,534,684,699,421,0,94,256,352,434,341,3,150,278,332,265,80
2021,1,A,골목상권,2110166,구의1동주민센터,15219,11430,3789,17,1059,2485,4251,5895,1512,12,537,1532,3205,4890,1254,5,522,953,1046,1005,258
2021,1,A,골목상권,2110167,용마초등학교,4509,2630,1879,12,580,923,1177,1052,765,4,313,546,644,575,548,8,267,377,533,477,217
2021,1,A,골목상권,2110168,대원고등학교,2238,1319,919,4,229,483,556,618,348,2,102,238,295,395,287,2,127,245,261,223,61
2021,1,A,골목상권,2110169,성동초등학교,6765,4291,2474,18,675,1492,1785,1727,1068,4,365,915,1130,1071,806,14,310,577,655,656,262
2021,1,A,골목상권,2110170,동대부여고,6257,3117,3140,5,456,1045,1777,2129,845,2,193,556,964,908,494,3,263,489,813,1221,351
2021,1,A,골목상권,2110171,중곡4동주민센터,3077,1296,1781,4,590,757,782,700,244,2,117,276,348,364,189,2,473,481,434,336,55
2021,1,A,골목상권,2110172,광진초등학교,3672,2114,1558,57,568,731,843,922,551,25,284,392,475,537,401,32,284,339,368,385,150
2021,1,A,골목상권,2110173,구남초등학교,11730,6787,4943,24,1163,2242,2831,3303,2167,9,628,1467,1814,1629,1240,15,535,775,1017,1674,927
2021,1,A,골목상권,2110174,아차산역 1번,3794,2279,1515,7,421,721,1109,1004,532,3,189,430,702,589,366,4,232,291,407,415,166
2021,1,A,골목상권,2110175,푸른동산공원,9538,5255,4283,11,988,1818,2356,2694,1671,5,574,1201,1457,1185,833,6,414,617,899,1509,838
2021,1,A,골목상권,2110176,해오름공원,4046,2107,1939,5,730,888,1169,939,315,2,195,417,665,579,249,3,535,471,504,360,66
2021,1,A,골목상권,2110177,동의초등학교,1459,779,680,1,169,274,393,406,216,0,61,146,213,214,145,1,108,128,180,192,71
2021,1,A,골목상권,2110178,장로회신학대학교,2969,2050,919,2,411,751,730,698,377,0,227,542,543,493,245,2,184,209,187,205,132
2021,1,A,골목상권,2110179,광나루역 1번,6574,3993,2581,161,2344,1211,1143,1171,544,51,1118,831,807,821,365,110,1226,380,336,350,179
2021,1,A,골목상권,2110180,광진정보도서관,9548,6222,3326,19,2321,3104,2006,1368,730,5,1187,2103,1425,958,544,14,1134,1001,581,410,186
2021,1,A,골목상권,2110181,신설동역 9번,13079,7138,5941,34,1192,2706,3581,3279,2287,18,594,1610,1908,1605,1403,16,598,1096,1673,1674,884
2021,1,A,골목상권,2110182,용두희망어린이공원,8150,3848,4302,10,1180,1780,1735,2093,1352,4,438,992,944,839,631,6,742,788,791,1254,721
2021,1,A,골목상권,2110183,한국의류시험연구원,6586,2490,4096,5,1038,1511,1273,1514,1245,1,321,694,532,384,558,4,717,817,741,1130,687
2021,1,A,골목상권,2110184,용두사거리,7078,2654,4424,6,1108,1663,1364,1642,1295,2,332,723,563,452,582,4,776,940,801,1190,713
2021,1,A,골목상권,2110185,용두초등학교,9216,4802,4414,9,826,2131,2857,2357,1036,3,373,1210,1418,1091,707,6,453,921,1439,1266,329
2021,1,A,골목상권,2110186,종암초등학교,3678,2369,1309,3,481,1024,1038,724,408,0,199,624,702,506,338,3,282,400,336,218,70
2021,1,A,골목상권,2110187,제기동역 6번,7263,4732,2531,20,1249,2025,1616,1231,1122,8,662,1282,1102,844,834,12,587,743,514,387,288
2021,1,A,골목상권,2110188,용두동신동아아파트,9251,6800,2451,57,1038,1991,2191,2660,1314,37,705,1428,1679,1971,980,20,333,563,512,689,334
2021,1,A,골목상권,2110189,제기동역 1번,6727,4533,2194,21,1156,1875,1505,1131,1039,8,647,1270,1059,767,782,13,509,605,446,364,257
2021,1,A,골목상권,2110190,고대앞사거리,3236,1724,1512,5,469,907,933,626,296,2,192,462,500,367,201,3,277,445,433,259,95
2021,1,A,골목상권,2110191,고려대역 6번,1157,702,455,2,78,202,355,318,202,1,38,103,203,201,156,1,40,99,152,117,46
2021,1,A,골목상권,2110192,동의보감타워,5324,3233,2091,17,756,1316,1285,1303,647,8,482,802,763,820,358,9,274,514,522,483,289
2021,1,A,골목상권,2110193,고려대역 4번,1232,835,397,1,79,208,403,369,172,1,35,113,259,283,144,0,44,95,144,86,28
2021,1,A,골목상권,2110194,홍파초등학교,1798,1085,713,2,140,330,522,522,282,1,84,184,314,291,211,1,56,146,208,231,71
2021,1,A,골목상권,2110195,동대문구청,4287,2125,2162,6,481,906,1023,1183,688,3,186,393,469,674,400,3,295,513,554,509,288
2021,1,A,골목상권,2110196,홍릉근린공원,1047,653,394,1,93,198,337,285,133,1,37,93,216,188,118,0,56,105,121,97,15
2021,1,A,골목상권,2110197,세종대왕기념관교차로,2510,1548,962,3,426,731,600,539,211,2,154,376,417,419,180,1,272,355,183,120,31
2021,1,A,골목상권,2110198,동대문중앙새마을금고본점,688,361,327,0,52,89,135,214,198,0,23,47,72,99,120,0,29,42,63,115,78
2021,1,A,골목상권,2110199,홍릉시장,1158,621,537,0,99,193,238,354,274,0,46,95,119,165,196,0,53,98,119,189,78
2021,1,A,골목상권,2110200,동대문경찰서,1083,572,511,0,119,177,222,305,260,0,60,86,111,138,177,0,59,91,111,167,83
2021,1,A,골목상권,2110201,전농119안전센터,825,530,295,0,102,158,244,182,139,0,68,101,168,117,76,0,34,57,76,65,63
2021,1,A,골목상권,2110202,전농1동주민센터(전농시장),593,343,250,0,76,107,147,149,114,0,49,61,93,85,55,0,27,46,54,64,59
2021,1,A,골목상권,2110203,떡전교사거리,1943,858,1085,2,261,350,385,429,516,2,79,140,162,190,285,0,182,210,223,239,231
2021,1,A,골목상권,2110204,간데메공원,1794,1235,559,6,298,435,450,379,226,3,196,277,304,275,180,3,102,158,146,104,46
2021,1,A,골목상권,2110205,경희대삼거리,3822,2069,1753,6,701,1290,710,636,479,4,281,760,405,362,257,2,420,530,305,274,222
2021,1,A,골목상권,2110206,텃골근린공원,1284,744,540,2,151,241,347,340,203,1,84,134,221,207,97,1,67,107,126,133,106
2021,1,A,골목상권,2110207,시립대앞사거리,2645,1363,1282,3,363,557,634,682,406,1,117,229,344,396,276,2,246,328,290,286,130
2021,1,A,골목상권,2110208,시조사삼거리,2384,1294,1090,4,388,710,460,463,359,3,155,452,245,252,187,1,233,258,215,211,172
2021,1,A,골목상권,2110209,답십리 장령당공원,4354,2000,2354,4,640,954,1230,1197,329,1,470,685,419,202,223,3,170,269,811,995,106
2021,1,A,골목상권,2110210,서울시립대,3076,1537,1539,7,419,611,663,709,667,4,126,242,352,377,436,3,293,369,311,332,231
2021,1,A,골목상권,2110211,전곡마을마당공원,2826,1580,1246,4,375,594,732,764,357,1,152,275,439,468,245,3,223,319,293,296,112
2021,1,A,골목상권,2110212,답십리초등학교,6736,3585,3151,26,1187,1542,1846,1660,475,22,887,1141,773,457,305,4,300,401,1073,1203,170
2021,1,A,골목상권,2110213,청량초등학교,2169,702,1467,0,592,722,494,250,111,0,101,237,187,96,81,0,491,485,307,154,30
2021,1,A,골목상권,2110214,경희대후문,3292,1434,1858,1,689,917,862,572,251,1,134,332,426,346,195,0,555,585,436,226,56
2021,1,A,골목상권,2110215,회기역 1번,2459,902,1557,4,638,776,558,322,161,1,126,278,223,148,126,3,512,498,335,174,35
2021,1,A,골목상권,2110216,전농중학교,2153,1119,1034,3,263,476,586,555,270,1,114,236,297,296,175,2,149,240,289,259,95
2021,1,A,골목상권,2110217,자동차부품상가,6813,4504,2309,26,1478,1623,1457,1223,1006,21,859,1143,968,768,745,5,619,480,489,455,261
2021,1,A,골목상권,2110218,답십리사거리,1435,853,582,7,165,299,369,350,245,5,66,165,204,224,189,2,99,134,165,126,56
2021,1,A,골목상권,2110219,삼육보건대학교,4450,2371,2079,4,582,896,1094,1128,746,2,182,417,615,657,498,2,400,479,479,471,248
2021,1,A,골목상권,2110220,외대앞역 1번,3641,1571,2070,2,688,923,946,679,403,1,133,336,444,404,253,1,555,587,502,275,150
2021,1,A,골목상권,2110221,의릉,1144,696,448,3,127,310,315,263,126,0,43,194,185,173,101,3,84,116,130,90,25
2021,1,A,골목상권,2110222,회기역 2번,2392,1179,1213,2,403,501,609,625,252,0,104,257,343,339,136,2,299,244,266,286,116
2021,1,A,골목상권,2110223,군자초등학교,6674,4353,2321,43,1459,1676,1307,1058,1131,11,711,1129,908,704,890,32,748,547,399,354,241
2021,1,A,골목상권,2110224,외대앞역 2번,1398,804,594,3,138,261,402,359,235,1,53,146,243,245,116,2,85,115,159,114,119
2021,1,A,골목상권,2110225,촬영소사거리,2931,1595,1336,12,223,386,587,760,963,9,107,227,365,390,497,3,116,159,222,370,466
2021,1,A,골목상권,2110226,장안1동주민센터,6971,3871,3100,22,858,1351,1602,1672,1466,17,403,767,886,926,872,5,455,584,716,746,594
2021,1,A,골목상권,2110227,답십리공원,4470,2551,1919,49,1629,777,743,784,488,30,929,507,422,364,299,19,700,270,321,420,189
2021,1,A,골목상권,2110228,장안근린공원,6839,3589,3250,54,2007,1290,1365,1326,797,32,1034,727,628,629,539,22,973,563,737,697,258
2021,1,A,골목상권,2110229,장평중학교,5475,3447,2028,11,604,1021,1167,1234,1438,7,309,620,723,769,1019,4,295,401,444,465,419
2021,1,A,골목상권,2110230,장안현대홈타운1차아파트,5246,2850,2396,14,898,1262,1405,1131,536,10,473,718,698,598,353,4,425,544,707,533,183
2021,1,A,골목상권,2110231,장안교,1741,1065,676,6,143,324,461,478,329,4,59,155,249,315,283,2,84,169,212,163,46
2021,1,A,골목상권,2110232,동대부고,3028,1420,1608,3,381,593,816,786,449,1,123,264,333,381,318,2,258,329,483,405,131
2021,1,A,골목상권,2110233,중랑역 1번,3032,2188,844,17,357,651,916,814,277,14,188,439,671,673,203,3,169,212,245,141,74
2021,1,A,골목상권,2110234,중랑역 4번,3174,2317,857,12,298,719,1010,858,277,10,155,484,757,704,207,2,143,235,253,154,70
2021,1,A,골목상권,2110235,세화어린이공원,381,210,171,6,90,59,103,71,52,5,52,33,45,38,37,1,38,26,58,33,15
2021,1,A,골목상권,2110236,신묵초등학교,2471,1622,849,2,350,599,613,640,267,2,195,394,387,452,192,0,155,205,226,188,75
2021,1,A,골목상권,2110237,메가박스 상봉,3560,2363,1197,12,356,778,1051,1010,353,10,168,485,723,741,236,2,188,293,328,269,117
2021,1,A,골목상권,2110238,배꽃어린이공원,1473,1122,351,2,227,342,337,358,207,2,157,266,243,292,162,0,70,76,94,66,45
2021,1,A,골목상권,2110239,중랑역 2번,690,313,377,5,95,118,156,155,161,2,29,46,64,73,99,3,66,72,92,82,62
2021,1,A,골목상권,2110240,태릉시장 특화거리,1145,548,597,8,174,260,261,239,203,6,84,106,113,110,129,2,90,154,148,129,74
2021,1,A,골목상권,2110241,먹골역 5번,2531,1611,920,1,347,608,639,667,269,1,191,387,378,452,202,0,156,221,261,215,67
2021,1,A,골목상권,2110242,면목5동주민센터,1226,796,430,1,101,187,289,334,314,0,45,120,154,211,266,1,56,67,135,123,48
2021,1,A,골목상권,2110243,중랑노인종합복지관,1660,977,683,2,141,271,376,485,385,1,50,133,206,282,305,1,91,138,170,203,80
2021,1,A,골목상권,2110244,중화역 4번,2398,1528,870,2,356,606,575,562,297,2,209,364,342,382,229,0,147,242,233,180,68
2021,1,A,골목상권,2110245,KB국민은행 중화동지점,2037,1261,776,3,166,345,495,514,514,1,63,179,281,323,414,2,103,166,214,191,100
2021,1,A,골목상권,2110246,월드순복음교회,2145,1274,871,4,193,347,472,594,535,1,63,160,269,364,417,3,130,187,203,230,118
2021,1,A,골목상권,2110247,먹골역 1번,2991,1922,1069,0,398,676,750,773,394,0,207,418,446,532,319,0,191,258,304,241,75
2021,1,A,골목상권,2110248,먹골파출소,1263,628,635,3,134,298,352,301,175,0,45,145,171,147,120,3,89,153,181,154,55
2021,1,A,골목상권,2110249,중화역 1번,3063,1949,1114,1,402,709,752,735,464,1,223,405,433,507,380,0,179,304,319,228,84
2021,1,A,골목상권,2110250,화랑대역 7번,1509,739,770,5,140,332,409,398,225,1,49,156,183,195,155,4,91,176,226,203,70
2021,1,A,골목상권,2110251,장안중학교,2262,1349,913,0,231,428,502,567,534,0,89,190,253,357,460,0,142,238,249,210,74
2021,1,A,골목상권,2110252,장안제일시장,1993,1261,732,2,203,364,494,505,425,1,97,223,245,330,365,1,106,141,249,175,60
2021,1,A,골목상권,2110253,중곡초등학교,1855,1320,535,2,153,294,471,641,294,1,81,182,321,513,222,1,72,112,150,128,72
2021,1,A,골목상권,2110254,오거리공원,2416,1571,845,3,191,424,659,814,325,2,79,223,410,603,254,1,112,201,249,211,71
2021,1,A,골목상권,2110255,상봉역 4번,4458,2784,1674,6,479,915,1219,1023,816,1,229,569,676,643,666,5,250,346,543,380,150
2021,1,A,골목상권,2110256,면목2동체육관,3547,2122,1425,5,446,738,941,853,564,1,202,481,507,484,447,4,244,257,434,369,117
2021,1,A,골목상권,2110257,상봉역 7번,2452,1607,845,11,219,403,552,647,620,10,108,220,301,442,526,1,111,183,251,205,94
2021,1,A,골목상권,2110258,면동초등학교,2037,1206,831,5,240,437,528,494,333,1,106,255,280,307,257,4,134,182,248,187,76
2021,1,A,골목상권,2110259,사가정역 1번,3127,1865,1262,6,337,678,872,745,489,3,144,363,490,495,370,3,193,315,382,250,119
2021,1,A,골목상권,2110260,면목역 3번,2514,1442,1072,3,356,591,717,548,299,0,154,393,354,299,242,3,202,198,363,249,57
2021,1,A,골목상권,2110261,사가정역 4번,3127,2086,1041,5,288,460,746,997,631,4,111,243,469,761,498,1,177,217,277,236,133
2021,1,A,골목상권,2110262,상봉역 3번,3221,1967,1254,8,450,790,948,652,373,4,252,530,510,366,305,4,198,260,438,286,68
2021,1,A,골목상권,2110263,면목역 1번,2962,1753,1209,6,445,738,846,625,302,3,244,499,441,330,236,3,201,239,405,295,66
2021,1,A,골목상권,2110264,면목역 2번,2233,1223,1010,3,236,458,534,610,392,0,80,225,279,374,265,3,156,233,255,236,127
2021,1,A,골목상권,2110265,망우역 1번,3076,1829,1247,16,364,540,716,803,637,5,170,256,354,517,527,11,194,284,362,286,110
2021,1,A,골목상권,2110266,면목동우체국,3102,1920,1182,7,322,539,733,852,649,2,104,264,432,611,507,5,218,275,301,241,142
2021,1,A,골목상권,2110267,망우역 2번,3855,2306,1549,17,545,783,816,902,792,13,310,445,442,506,590,4,235,338,374,396,202
2021,1,A,골목상권,2110268,망우3동주민센터,1612,1031,581,3,203,323,368,411,304,3,130,207,213,250,228,0,73,116,155,161,76
2021,1,A,골목상권,2110269,용마문화복지센터,1320,882,438,1,120,224,285,389,301,0,50,133,182,292,225,1,70,91,103,97,76
2021,1,A,골목상권,2110270,혜원여고,1224,728,496,0,98,181,286,344,315,0,39,103,157,210,219,0,59,78,129,134,96
2021,1,A,골목상권,2110271,신내역 1번,2658,1073,1585,5,607,752,539,616,139,1,134,318,283,257,80,4,473,434,256,359,59
2021,1,A,골목상권,2110272,신내1동주민센터,5843,3433,2410,7,756,1311,1295,1459,1015,6,386,660,668,911,802,1,370,651,627,548,213
2021,1,A,골목상권,2110273,장스여성병원,1613,1000,613,9,132,209,298,500,465,1,34,80,150,339,396,8,98,129,148,161,69
2021,1,A,골목상권,2110274,서일대학교,2030,1277,753,2,173,309,487,576,483,1,57,162,302,404,351,1,116,147,185,172,132
2021,1,A,골목상권,2110275,하나은행 망우동지점,1686,1011,675,10,166,215,299,524,472,0,46,66,154,349,396,10,120,149,145,175,76
2021,1,A,골목상권,2110276,신내IC북측,607,375,232,0,44,112,142,253,56,0,25,88,107,124,31,0,19,24,35,129,25
2021,1,A,골목상권,2110277,러스크서울병원,2130,1283,847,13,203,291,394,651,578,2,69,98,204,424,486,11,134,193,190,227,92
2021,1,A,골목상권,2110278,망우본동주민센터,2878,1577,1301,10,284,489,618,849,628,1,85,183,285,500,523,9,199,306,333,349,105
2021,1,A,골목상권,2110279,신내역 2번,2047,735,1312,1,530,644,403,373,96,0,99,241,188,148,59,1,431,403,215,225,37
2021,1,A,골목상권,2110280,북정마을,14960,12846,2114,18,1405,3400,4437,5321,379,4,942,2610,3998,5030,262,14,463,790,439,291,117
2021,1,A,골목상권,2110281,길상사,17018,13990,3028,25,2042,3972,4890,5544,545,4,1214,2904,4251,5231,386,21,828,1068,639,313,159
2021,1,A,골목상권,2110282,국민대학교앞,1943,1389,554,15,322,603,452,316,235,14,185,441,355,248,146,1,137,162,97,68,89
2021,1,A,골목상권,2110283,성북초등학교앞,4093,2342,1751,15,771,1263,1080,686,278,9,312,713,699,425,184,6,459,550,381,261,94
2021,1,A,골목상권,2110284,정릉북한산국립공원입구,1223,860,363,0,80,214,331,411,187,0,23,120,249,314,154,0,57,94,82,97,33
2021,1,A,골목상권,2110285,홍대부중,5373,2950,2423,12,1018,1547,1503,934,359,7,415,798,842,619,269,5,603,749,661,315,90
2021,1,A,골목상권,2110286,한성대입구역 5번,6385,3175,3210,20,806,1509,1805,1506,739,9,265,708,929,826,438,11,541,801,876,680,301
2021,1,A,골목상권,2110287,정릉3동주민센터,1637,1229,408,0,230,512,449,314,132,0,133,403,340,243,110,0,97,109,109,71,22
2021,1,A,골목상권,2110288,동구여중,4250,2398,1852,23,496,930,1431,989,381,12,211,489,785,607,294,11,285,441,646,382,87
2021,1,A,골목상권,2110289,북한산보국문역 2번,1888,951,937,0,291,395,491,441,270,0,88,179,225,255,204,0,203,216,266,186,66
2021,1,A,골목상권,2110290,북한산보국문역 1번,1034,535,499,2,104,127,218,313,270,0,28,65,110,176,156,2,76,62,108,137,114
2021,1,A,골목상권,2110291,한성대입구역 3번,4682,2808,1874,4,513,944,1389,1258,574,2,184,541,891,836,354,2,329,403,498,422,220
2021,1,A,골목상권,2110292,정릉역 2번,1455,558,897,1,246,356,390,314,148,0,62,144,125,131,96,1,184,212,265,183,52
2021,1,A,골목상권,2110293,삼선중학교,16035,9034,7001,63,2380,3897,5184,2868,1643,27,1059,2173,3103,1899,773,36,1321,1724,2081,969,870
2021,1,A,골목상권,2110294,서경대학교,2549,1324,1225,1,378,447,634,629,460,0,105,193,305,381,340,1,273,254,329,248,120
2021,1,A,골목상권,2110295,정릉우체국,2490,1166,1324,2,366,486,617,609,410,0,99,203,246,329,289,2,267,283,371,280,121
2021,1,A,골목상권,2110296,성신여대입구역 4번,13044,7926,5118,60,2010,3119,4030,2350,1475,26,917,1816,2693,1739,735,34,1093,1303,1337,611,740
2021,1,A,골목상권,2110297,경동고등학교,9374,4825,4549,19,1150,2351,2816,2260,778,8,435,1116,1431,1392,443,11,715,1235,1385,868,335
2021,1,A,골목상권,2110298,솔숲어린이공원,1609,756,853,6,199,274,412,438,280,1,58,98,163,222,214,5,141,176,249,216,66
2021,1,A,골목상권,2110299,정릉역 1번,2389,1112,1277,6,327,495,591,580,390,1,79,200,234,301,297,5,248,295,357,279,93
2021,1,A,골목상권,2110300,삼선동주민센터,7082,3275,3807,21,849,1747,2084,1699,682,12,261,673,916,1026,387,9,588,1074,1168,673,295
2021,1,A,골목상권,2110301,성신여대입구역 7번,2407,1250,1157,22,336,473,551,587,438,16,112,206,285,329,302,6,224,267,266,258,136
2021,1,A,골목상권,2110302,보문역 8번,6611,5075,1536,7,801,2204,1491,1413,695,2,445,1775,1209,1164,480,5,356,429,282,249,215
2021,1,A,골목상권,2110303,성신여대입구역 1번,2302,983,1319,23,343,507,539,532,358,11,93,195,230,247,207,12,250,312,309,285,151
2021,1,A,골목상권,2110304,보문역 4번,5081,2911,2170,4,547,1204,1258,1332,736,3,248,624,733,863,440,1,299,580,525,469,296
2021,1,A,골목상권,2110305,보문역 5번,6471,4952,1519,11,812,2114,1358,1346,830,5,488,1734,1085,1066,574,6,324,380,273,280,256
2021,1,A,골목상권,2110306,미아초등학교,5376,2688,2688,419,2073,1365,788,449,282,176,923,736,412,220,221,243,1150,629,376,229,61
2021,1,A,골목상권,2110307,길음역 7번,2596,948,1648,10,718,682,547,427,212,0,146,268,216,179,139,10,572,414,331,248,73
2021,1,A,골목상권,2110308,길음역 8번,7178,3463,3715,428,2655,1922,1125,688,360,177,1050,1021,613,334,268,251,1605,901,512,354,92
2021,1,A,골목상권,2110309,대광초등학교,3669,2531,1138,12,521,883,910,786,557,4,294,622,640,561,410,8,227,261,270,225,147
2021,1,A,골목상권,2110310,길음역 10번,2304,969,1335,10,637,675,493,352,137,1,143,321,258,161,85,9,494,354,235,191,52
2021,1,A,골목상권,2110311,종암아이파크2차후문,18419,9472,8947,55,1397,4775,6829,5279,84,12,583,1567,3015,4229,66,43,814,3208,3814,1050,18
2021,1,A,골목상권,2110312,안암역 2번,1666,856,810,1,199,457,563,337,109,0,70,198,309,204,75,1,129,259,254,133,34
2021,1,A,골목상권,2110313,안암역 3번,4486,2929,1557,7,548,1055,1239,1027,610,3,263,654,815,721,473,4,285,401,424,306,137
2021,1,A,골목상권,2110314,종암경찰서,22088,12093,9995,63,1812,5489,7636,6091,997,14,829,2083,3572,4842,753,49,983,3406,4064,1249,244
2021,1,A,골목상권,2110315,종암아이파크2차,19523,10008,9515,57,1546,5002,7164,5525,229,13,627,1664,3177,4378,149,44,919,3338,3987,1147,80
2021,1,A,골목상권,2110316,숭곡초등학교,3749,2252,1497,12,320,511,783,810,1313,11,132,241,383,471,1014,1,188,270,400,339,299
2021,1,A,골목상권,2110317,종암중학교,984,490,494,0,108,232,312,228,104,0,37,97,154,140,62,0,71,135,158,88,42
2021,1,A,골목상권,2110318,KT월곡지사,4670,3051,1619,8,464,852,998,1077,1271,3,232,511,595,716,994,5,232,341,403,361,277
2021,1,A,골목상권,2110319,종암동주민센터,2766,1528,1238,6,392,614,672,775,307,1,178,373,362,458,156,5,214,241,310,317,151
2021,1,A,골목상권,2110320,KB국민은행 종암동지점,1182,673,509,1,119,228,369,325,140,1,35,101,200,239,97,0,84,127,169,86,43
2021,1,A,골목상권,2110321,동덕여대,2313,1366,947,1,299,420,551,516,526,0,134,242,299,273,418,1,165,178,252,243,108
2021,1,A,골목상권,2110322,장위1동주민센터,1274,741,533,8,218,235,278,270,265,4,110,153,164,146,164,4,108,82,114,124,101
2021,1,A,골목상권,2110323,상월곡역 1번,4067,2556,1511,5,678,1174,962,808,440,1,336,790,596,503,330,4,342,384,366,305,110
2021,1,A,골목상권,2110324,월곡역 4번,3140,1982,1158,5,533,1043,730,527,302,1,265,704,453,335,224,4,268,339,277,192,78
2021,1,A,골목상권,2110325,장곡초등학교,1638,957,681,8,198,313,438,380,301,6,100,176,257,221,197,2,98,137,181,159,104
2021,1,A,골목상권,2110326,장위동성당,2029,1211,818,4,314,426,541,433,311,3,149,249,314,263,233,1,165,177,227,170,78
2021,1,A,골목상권,2110327,상월곡역 2번,1998,1149,849,5,355,494,539,387,218,1,166,295,311,215,161,4,189,199,228,172,57
2021,1,A,골목상권,2110328,상월곡역 3번,966,544,422,4,142,252,268,208,92,1,59,142,158,118,66,3,83,110,110,90,26
2021,1,A,골목상권,2110329,우리은행체육관,1280,745,535,8,131,269,305,313,254,4,45,134,165,200,197,4,86,135,140,113,57
2021,1,A,골목상권,2110330,돌곶이역 1번,1199,626,573,1,137,217,277,273,294,0,40,102,128,127,229,1,97,115,149,146,65
2021,1,A,골목상권,2110331,돌곶이역 8번,1331,817,514,4,173,283,315,283,273,0,60,182,193,164,218,4,113,101,122,119,55
2021,1,A,골목상권,2110332,돌곶이역 3번,2402,1642,760,6,189,237,310,429,1231,1,74,125,174,259,1009,5,115,112,136,170,222
2021,1,A,골목상권,2110333,돌곶이역 5번,2875,2051,824,4,237,375,414,553,1292,0,107,239,264,375,1066,4,130,136,150,178,226
2021,1,A,골목상권,2110334,석관중앙교회,1691,1099,592,3,192,394,413,449,240,0,95,241,244,324,195,3,97,153,169,125,45
2021,1,A,골목상권,2110335,석계역 7번,2887,1837,1050,2,243,313,463,598,1268,0,99,147,243,370,978,2,144,166,220,228,290
2021,1,A,골목상권,2110336,석관고등학교,1951,1389,562,1,128,204,257,338,1023,0,66,113,151,240,819,1,62,91,106,98,204
2021,1,A,골목상권,2110337,아카데미하우스,1438,921,517,6,178,311,344,390,209,6,85,207,216,232,175,0,93,104,128,158,34
2021,1,A,골목상권,2110338,인수초등학교,1955,1067,888,6,266,494,469,470,250,6,111,260,248,248,194,0,155,234,221,222,56
2021,1,A,골목상권,2110339,국립4.19민주묘지,1097,718,379,6,146,196,248,305,196,6,67,139,153,190,163,0,79,57,95,115,33
2021,1,A,골목상권,2110340,인수중학교,1205,760,445,6,164,256,276,329,174,6,81,173,168,189,143,0,83,83,108,140,31
2021,1,A,골목상권,2110341,북한산우이역 2번,860,529,331,0,44,68,132,304,312,0,14,31,72,258,154,0,30,37,60,46,158
2021,1,A,골목상권,2110342,국립재활원,2250,1364,886,1,194,476,644,645,290,0,66,242,426,420,210,1,128,234,218,225,80
2021,1,A,골목상권,2110343,무너미어린이공원,2303,1336,967,0,149,297,429,446,982,0,49,177,246,213,651,0,100,120,183,233,331
2021,1,A,골목상권,2110344,화계중학교,815,417,398,0,75,148,217,296,79,0,39,57,111,143,67,0,36,91,106,153,12
2021,1,A,골목상권,2110345,솔밭공원역 2번,1604,918,686,1,168,207,320,549,359,0,35,65,142,387,289,1,133,142,178,162,70
2021,1,A,골목상권,2110346,4.19민주묘지역 2번,754,369,385,0,109,137,212,161,135,0,22,69,113,81,84,0,87,68,99,80,51
2021,1,A,골목상권,2110347,구세군강북종합사회복지관,443,186,257,0,54,96,140,85,68,0,10,34,63,36,43,0,44,62,77,49,25
2021,1,A,골목상권,2110348,강북문화예술회관,3953,2554,1399,0,227,512,876,1129,1209,0,65,242,587,813,847,0,162,270,289,316,362
2021,1,A,골목상권,2110349,화계역 2번,1164,619,545,0,95,179,284,397,209,0,37,65,127,214,176,0,58,114,157,183,33
2021,1,A,골목상권,2110350,가오리역 2번,2640,1559,1081,0,221,477,709,807,426,0,62,232,442,507,316,0,159,245,267,300,110
2021,1,A,골목상권,2110351,수유북부시장옆,1877,1274,603,0,96,227,484,737,333,0,36,133,349,484,272,0,60,94,135,253,61
2021,1,A,골목상권,2110352,수유1동주민센터,1621,708,913,1,183,303,456,479,199,0,61,122,184,209,132,1,122,181,272,270,67
2021,1,A,골목상권,2110353,수유동우체국,2389,1550,839,0,129,158,408,615,1079,0,26,73,267,444,740,0,103,85,141,171,339
2021,1,A,골목상권,2110354,삼각산119안전센터,365,141,224,1,38,87,110,81,48,0,9,25,45,32,30,1,29,62,65,49,18
2021,1,A,골목상권,2110355,삼양사거리역 2번,905,486,419,2,85,153,223,225,217,1,22,49,110,139,165,1,63,104,113,86,52
2021,1,A,골목상권,2110356,덕수교,2011,1093,918,0,145,214,368,345,939,0,37,85,163,165,643,0,108,129,205,180,296
2021,1,A,골목상권,2110357,가오리역 1번,2401,1556,845,1,127,166,397,647,1063,0,34,71,252,471,728,1,93,95,145,176,335
2021,1,A,골목상권,2110358,인수동 우편취급국,2810,1471,1339,2,265,403,554,783,803,0,80,179,255,417,540,2,185,224,299,366,263
2021,1,A,골목상권,2110359,수유시장옆,5157,2359,2798,6,450,898,1053,1316,1434,4,136,365,470,708,676,2,314,533,583,608,758
2021,1,A,골목상권,2110360,수유초등학교,2635,1274,1361,5,299,387,567,782,595,1,79,163,238,375,418,4,220,224,329,407,177
2021,1,A,골목상권,2110361,삼양사거리역 1번,1111,550,561,3,66,131,213,280,418,2,24,58,105,156,205,1,42,73,108,124,213
2021,1,A,골목상권,2110362,우이천 계성교,2117,1320,797,2,227,296,541,686,365,0,74,153,330,480,283,2,153,143,211,206,82
2021,1,A,골목상권,2110363,송천동주민센터,819,499,320,2,54,138,220,209,196,1,23,71,116,131,157,1,31,67,104,78,39
2021,1,A,골목상권,2110364,미아역 8번,1852,961,891,3,226,366,513,491,253,1,85,173,274,268,160,2,141,193,239,223,93
2021,1,A,골목상권,2110365,미아역 5번,1610,747,863,3,136,224,389,402,456,3,45,85,163,219,232,0,91,139,226,183,224
2021,1,A,골목상권,2110366,광산사거리,3568,1624,1944,6,321,730,793,840,878,4,125,324,383,466,322,2,196,406,410,374,556
2021,1,A,골목상권,2110367,강북구청,5008,2534,2474,10,519,1028,1016,1220,1215,8,207,520,524,762,513,2,312,508,492,458,702
2021,1,A,골목상권,2110368,송천초등학교,5342,2779,2563,416,2025,1339,744,507,311,177,905,732,414,294,257,239,1120,607,330,213,54
2021,1,A,골목상권,2110369,성신여대운정그린캠퍼스,4108,2368,1740,5,481,782,894,1069,877,1,210,445,512,655,545,4,271,337,382,414,332
2021,1,A,골목상권,2110370,도봉세무서,1385,735,650,7,100,222,365,379,312,6,28,93,168,200,240,1,72,129,197,179,72
2021,1,A,골목상권,2110371,삼양입구사거리,1233,656,577,2,114,236,332,331,218,2,43,109,155,183,164,0,71,127,177,148,54
2021,1,A,골목상권,2110372,강북중학교,1588,852,736,1,167,364,452,356,248,1,87,203,249,169,143,0,80,161,203,187,105
2021,1,A,골목상권,2110373,수유역 2번,4903,2639,2264,10,549,1094,1104,1278,868,8,214,534,563,814,506,2,335,560,541,464,362
2021,1,A,골목상권,2110374,송중초등학교,2009,977,1032,7,186,338,530,528,420,6,61,128,222,264,296,1,125,210,308,264,124
2021,1,A,골목상권,2110375,서울북부고용노동지청,1301,632,669,2,141,171,335,392,260,0,58,78,134,204,158,2,83,93,201,188,102
2021,1,A,골목상권,2110376,수송초등학교,4978,2722,2256,8,551,1213,1234,1264,708,6,230,624,673,782,407,2,321,589,561,482,301
2021,1,A,골목상권,2110377,미아사거리역 3번,1050,449,601,7,158,220,271,253,141,6,51,81,107,112,92,1,107,139,164,141,49
2021,1,A,골목상권,2110378,송중동주민센터,1170,548,622,8,119,172,339,287,245,6,52,74,144,126,146,2,67,98,195,161,99
2021,1,A,골목상권,2110379,KT&G 북부지사,767,383,384,2,97,108,197,257,106,0,47,44,83,145,64,2,50,64,114,112,42
2021,1,A,골목상권,2110380,강북문화정보도서관,980,504,476,5,99,143,203,291,239,3,30,74,101,150,146,2,69,69,102,141,93
2021,1,A,골목상권,2110381,번동주공2단지,1056,559,497,5,107,230,262,299,153,4,33,95,131,178,118,1,74,135,131,121,35
2021,1,A,골목상권,2110382,솔밭공원역 1번,967,418,549,1,145,169,222,256,174,0,31,52,83,123,129,1,114,117,139,133,45
2021,1,A,골목상권,2110383,덕성여대시반거리,494,170,324,0,83,84,121,116,90,0,12,24,42,39,53,0,71,60,79,77,37
2021,1,A,골목상권,2110384,문이교,622,295,327,1,71,88,145,188,129,0,21,33,51,98,92,1,50,55,94,90,37
2021,1,A,골목상권,2110385,효문고등학교,780,268,512,0,136,158,203,185,98,0,33,42,60,71,62,0,103,116,143,114,36
2021,1,A,골목상권,2110386,연산군묘,1120,668,452,0,136,219,227,306,232,0,61,122,131,158,196,0,75,97,96,148,36
2021,1,A,골목상권,2110387,쌍문초등학교,1678,803,875,0,227,365,452,414,220,0,67,151,187,208,190,0,160,214,265,206,30
2021,1,A,골목상권,2110388,도봉우체국,2071,923,1148,4,436,450,512,485,184,3,105,207,224,244,140,1,331,243,288,241,44
2021,1,A,골목상권,2110389,한일병원,3050,1577,1473,1,573,707,741,679,349,1,171,353,410,396,246,0,402,354,331,283,103
2021,1,A,골목상권,2110390,방학초등학교,1901,820,1081,3,194,445,458,515,286,2,59,201,209,188,161,1,135,244,249,327,125
2021,1,A,골목상권,2110391,샘말어린이공원,1172,574,598,0,93,215,234,283,347,0,34,95,107,140,198,0,59,120,127,143,149
2021,1,A,골목상권,2110392,발바닥공원,704,449,255,3,99,210,202,121,69,2,39,126,148,81,53,1,60,84,54,40,16
2021,1,A,골목상권,2110393,국민은행방학지점,1001,461,540,3,124,275,252,240,107,2,39,137,120,96,67,1,85,138,132,144,40
2021,1,A,골목상권,2110394,방학중학교,1435,629,806,1,142,279,358,336,319,1,52,119,150,152,155,0,90,160,208,184,164
2021,1,A,골목상권,2110395,신한은행 방학동지점,1120,597,523,4,157,280,302,227,150,3,72,148,158,121,95,1,85,132,144,106,55
2021,1,A,골목상권,2110396,쌍문역1번(쌍리단길),1577,763,814,4,242,329,382,395,225,1,84,135,198,208,137,3,158,194,184,187,88
2021,1,A,골목상권,2110397,도봉산입구,1579,963,616,1,95,207,290,413,573,1,25,106,157,272,402,0,70,101,133,141,171
2021,1,A,골목상권,2110398,쌍문2동우체국,2359,1255,1104,1,247,367,547,725,472,1,87,168,253,427,319,0,160,199,294,298,153
2021,1,A,골목상권,2110399,창2동주민센터,1982,1088,894,10,245,463,553,465,246,9,128,273,295,219,164,1,117,190,258,246,82
2021,1,A,골목상권,2110400,도봉구보건소,2134,1058,1076,4,298,390,510,558,374,3,99,190,250,278,238,1,199,200,260,280,136
2021,1,A,골목상권,2110401,도봉구민회관,5856,3856,2000,1,599,1299,1388,1267,1302,0,346,940,977,718,875,1,253,359,411,549,427
2021,1,A,골목상권,2110402,도봉구 정병원,2172,1117,1055,5,296,450,517,579,325,4,109,246,277,283,198,1,187,204,240,296,127
2021,1,A,골목상권,2110403,방학1동주민센터,3553,1965,1588,10,456,716,860,1052,459,6,261,473,457,498,270,4,195,243,403,554,189
2021,1,A,골목상권,2110404,신창초등학교,2334,1247,1087,11,291,485,642,611,294,8,108,229,337,362,203,3,183,256,305,249,91
2021,1,A,골목상권,2110405,방학역 1번,2975,1622,1353,6,288,534,730,892,525,5,159,353,350,369,386,1,129,181,380,523,139
2021,1,A,골목상권,2110406,도봉산역 1번,1362,928,434,0,45,103,268,453,493,0,17,63,189,336,323,0,28,40,79,117,170
2021,1,A,골목상권,2110407,도봉역 2번,2678,1900,778,7,190,399,535,778,769,5,95,243,303,572,682,2,95,156,232,206,87
2021,1,A,골목상권,2110408,가인초등학교,5577,3850,1727,5,581,1307,1343,1121,1220,3,343,986,1014,685,819,2,238,321,329,436,401
2021,1,A,골목상권,2110409,창동역 2번,6649,4154,2495,6,756,1498,1635,1402,1352,4,385,1020,1098,743,904,2,371,478,537,659,448
2021,1,A,골목상권,2110410,방학역 2번,5708,3428,2280,10,558,1304,1395,1507,934,9,280,756,767,936,680,1,278,548,628,571,254
2021,1,A,골목상권,2110411,도봉역 3번,1802,1132,670,2,126,304,360,519,491,1,33,150,187,351,410,1,93,154,173,168,81
2021,1,A,골목상권,2110412,창동중학교,1521,1149,372,3,118,224,267,505,404,1,73,121,160,412,382,2,45,103,107,93,22
2021,1,A,골목상권,2110413,누원고등학교,580,375,205,0,37,71,120,164,188,0,16,45,70,104,140,0,21,26,50,60,48
2021,1,A,골목상권,2110414,장석교회,752,511,241,5,70,109,166,205,197,3,38,57,98,139,176,2,32,52,68,66,21
2021,1,A,골목상권,2110415,수락산역 4번,3553,1980,1573,19,461,687,836,890,660,16,254,421,481,483,325,3,207,266,355,407,335
2021,1,A,골목상권,2110416,노원초등학교,1385,669,716,8,135,266,331,352,293,6,53,138,153,171,148,2,82,128,178,181,145
2021,1,A,골목상권,2110417,월계역 3번,441,184,257,2,62,77,94,122,84,2,23,41,37,47,34,0,39,36,57,75,50
2021,1,A,골목상권,2110418,광운대학교 남단,2484,1345,1139,17,445,664,598,481,279,5,192,396,291,252,209,12,253,268,307,229,70
2021,1,A,골목상권,2110419,수락산디자인거리,4260,2771,1489,13,429,898,1053,1126,741,12,245,615,683,706,510,1,184,283,370,420,231
2021,1,A,골목상권,2110420,광운대역 1번,1718,979,739,10,353,518,466,244,127,3,175,350,258,123,70,7,178,168,208,121,57
2021,1,A,골목상권,2110421,석계역 1번,1716,845,871,4,186,278,426,473,349,2,71,119,191,230,232,2,115,159,235,243,117
2021,1,A,골목상권,2110422,노원역 9번,1955,819,1136,3,268,390,499,508,287,1,81,196,208,195,138,2,187,194,291,313,149
2021,1,A,골목상권,2110423,석계역 2번,1883,895,988,5,253,375,553,418,279,3,106,197,271,183,135,2,147,178,282,235,144
2021,1,A,골목상권,2110424,상계초등학교,2079,864,1215,5,272,368,533,553,348,5,89,181,216,215,158,0,183,187,317,338,190
2021,1,A,골목상권,2110425,계상초등학교,2572,1219,1353,6,228,345,564,659,770,4,90,195,248,280,402,2,138,150,316,379,368
2021,1,A,골목상권,2110426,상계2동주민센터,2834,1540,1294,16,401,546,733,694,444,11,153,300,370,386,320,5,248,246,363,308,124
2021,1,A,골목상권,2110427,노원 을지대학교병원,2885,2027,858,3,300,579,725,832,446,0,149,351,505,667,355,3,151,228,220,165,91
2021,1,A,골목상권,2110428,상계5동주민센터,2338,1163,1175,7,172,298,441,608,812,3,62,155,202,282,459,4,110,143,239,326,353
2021,1,A,골목상권,2110429,공릉동 국수거리,5223,2800,2423,7,523,744,1099,1485,1365,3,246,412,543,754,842,4,277,332,556,731,523
2021,1,A,골목상권,2110430,중계초등학교,1642,961,681,6,165,297,390,441,343,2,77,164,213,244,261,4,88,133,177,197,82
2021,1,A,골목상권,2110431,상계역,1658,716,942,4,180,322,440,437,275,0,50,144,212,164,146,4,130,178,228,273,129
2021,1,A,골목상권,2110432,대진고등학교,3496,2336,1160,5,355,682,898,1023,533,2,168,399,577,774,416,3,187,283,321,249,117
2021,1,A,골목상권,2110433,공릉역 2번,4470,2428,2042,8,421,620,969,1270,1182,3,195,339,507,667,717,5,226,281,462,603,465
2021,1,A,골목상권,2110434,태릉입구역 4번,3300,1461,1839,4,314,539,764,908,771,2,129,312,364,332,322,2,185,227,400,576,449
2021,1,A,골목상권,2110435,서울과학기술대,1792,1224,568,2,186,412,462,475,255,0,112,256,301,331,224,2,74,156,161,144,31
2021,1,A,골목상권,2110436,상계제일중학교,2066,1047,1019,12,209,464,514,508,359,7,73,229,274,237,227,5,136,235,240,271,132
2021,1,A,골목상권,2110437,당고개역 2번,2037,1506,531,1,104,171,467,791,503,0,40,88,309,634,435,1,64,83,158,157,68
2021,1,A,골목상권,2110438,경춘선숲길 우측,3326,1509,1817,2,552,854,911,715,292,1,156,360,411,369,212,1,396,494,500,346,80
2021,1,A,골목상권,2110439,당고개역 5번,1670,1328,342,1,65,111,343,684,466,0,20,60,265,575,408,1,45,51,78,109,58
2021,1,A,골목상권,2110440,상계3동4동주민센터,231,87,144,1,38,35,61,53,43,0,13,11,23,19,21,1,25,24,38,34,22
2021,1,A,골목상권,2110441,영신여고,1046,454,592,3,105,241,283,309,105,3,45,111,107,126,62,0,60,130,176,183,43
2021,1,A,골목상권,2110442,화랑대철도공원,1159,494,665,2,139,197,301,376,144,2,48,69,108,178,89,0,91,128,193,198,55
2021,1,A,골목상권,2110443,수색역 1번,434,287,147,0,42,62,103,136,91,0,17,34,66,96,74,0,25,28,37,40,17
2021,1,A,골목상권,2110444,수색성당,2661,1802,859,0,198,389,448,542,1084,0,77,194,209,332,990,0,121,195,239,210,94
2021,1,A,골목상권,2110445,덕산중학교,1312,649,663,5,274,319,252,247,215,0,87,169,142,108,143,5,187,150,110,139,72
2021,1,A,골목상권,2110446,내를건너서숲으로도서관,1148,777,371,0,135,243,292,279,199,0,95,161,174,174,173,0,40,82,118,105,26
2021,1,A,골목상권,2110447,구산초등학교,1694,1213,481,2,100,239,363,721,269,0,46,110,217,608,232,2,54,129,146,113,37
2021,1,A,골목상권,2110448,상신초등학교입구,1375,785,590,3,145,292,338,322,275,1,88,163,177,167,189,2,57,129,161,155,86
2021,1,A,골목상권,2110449,증산역 3번,3046,1961,1085,1,417,740,797,725,366,0,164,495,543,508,251,1,253,245,254,217,115
2021,1,A,골목상권,2110450,시립서북병원,4533,2159,2374,8,894,1069,1015,919,628,2,331,496,489,431,410,6,563,573,526,488,218
2021,1,A,골목상권,2110451,증산역 4번,3034,2083,951,4,382,662,756,739,491,3,166,453,530,528,403,1,216,209,226,211,88
2021,1,A,골목상권,2110452,새절역 3번,1444,869,575,3,116,220,343,416,346,3,59,102,181,239,285,0,57,118,162,177,61
2021,1,A,골목상권,2110453,신사1동주민센터,2866,1630,1236,3,295,597,767,684,520,3,160,297,422,377,371,0,135,300,345,307,149
2021,1,A,골목상권,2110454,선정중학교,3136,1975,1161,7,297,545,749,1025,513,3,138,284,381,749,420,4,159,261,368,276,93
2021,1,A,골목상권,2110455,역촌노인복지관,3912,1926,1986,7,599,783,1036,909,578,3,258,380,472,412,401,4,341,403,564,497,177
2021,1,A,골목상권,2110456,구산보건지소,3451,1673,1778,13,646,727,840,730,495,4,277,335,365,355,337,9,369,392,475,375,158
2021,1,A,골목상권,2110457,예일여고,4039,2288,1751,11,383,599,859,1344,843,2,149,279,424,826,608,9,234,320,435,518,235
2021,1,A,골목상권,2110458,선일여고,2056,993,1063,9,309,535,480,491,232,5,138,283,226,197,144,4,171,252,254,294,88
2021,1,A,골목상권,2110459,응암역 2번,3508,1670,1838,4,356,682,987,918,561,1,143,326,439,399,362,3,213,356,548,519,199
2021,1,A,골목상권,2110460,구산역 4번,4650,2629,2021,14,389,739,1103,1501,904,6,161,384,536,911,631,8,228,355,567,590,273
2021,1,A,골목상권,2110461,새절역 2번,1064,588,476,2,102,151,247,304,258,1,40,59,115,173,200,1,62,92,132,131,58
2021,1,A,골목상권,2110462,갈현건영아파트,1895,1102,793,9,264,445,440,425,312,6,139,269,256,223,209,3,125,176,184,202,103
2021,1,A,골목상권,2110463,응암3동주민센터,1096,480,616,2,113,200,291,307,183,1,42,69,109,143,116,1,71,131,182,164,67
2021,1,A,골목상권,2110464,연신내역 5번,2541,1368,1173,8,266,525,663,583,496,5,105,271,308,312,367,3,161,254,355,271,129
2021,1,A,골목상권,2110465,연신내역 7번,2686,1136,1550,10,437,647,652,580,360,5,132,295,276,227,201,5,305,352,376,353,159
2021,1,A,골목상권,2110466,구산역 2번,3312,1361,1951,12,538,687,831,818,426,3,172,280,347,320,239,9,366,407,484,498,187
2021,1,A,골목상권,2110467,은평요양병원,1671,867,804,7,217,398,414,360,275,6,97,221,214,162,167,1,120,177,200,198,108
2021,1,A,골목상권,2110468,응암역 3번,4875,2420,2455,6,465,813,1295,1325,971,1,170,377,615,633,624,5,295,436,680,692,347
2021,1,A,골목상권,2110469,응암정보도서관,3141,1523,1618,2,316,577,809,898,539,0,113,270,378,427,335,2,203,307,431,471,204
2021,1,A,골목상권,2110470,신진과학기술고등학교,2093,1305,788,2,198,318,474,517,584,2,95,170,262,309,467,0,103,148,212,208,117
2021,1,A,골목상권,2110471,응암동우체국,1908,1001,907,2,228,332,461,530,355,1,96,145,211,287,261,1,132,187,250,243,94
2021,1,A,골목상권,2110472,연신내역 4번,2455,1251,1204,11,334,479,638,552,441,6,127,253,292,262,311,5,207,226,346,290,130
2021,1,A,골목상권,2110473,구산역 1번,4113,2032,2081,11,518,794,1040,1015,735,5,204,414,507,425,477,6,314,380,533,590,258
2021,1,A,골목상권,2110474,세명컴퓨터고등학교,2172,1034,1138,6,329,533,548,467,289,5,120,275,242,204,188,1,209,258,306,263,101
2021,1,A,골목상권,2110475,백련산해모로아파트,2427,1313,1114,3,275,436,520,560,633,2,122,211,271,274,433,1,153,225,249,286,200
2021,1,A,골목상권,2110476,역촌역 2번,1412,760,652,3,180,328,393,324,184,1,64,162,221,174,138,2,116,166,172,150,46
2021,1,A,골목상권,2110477,은평세무서,4870,2612,2258,11,464,976,1178,1295,946,5,201,440,572,727,667,6,263,536,606,568,279
2021,1,A,골목상권,2110478,응암1동주민센터,4707,2474,2233,11,516,997,1136,1196,851,7,227,433,551,650,606,4,289,564,585,546,245
2021,1,A,골목상권,2110479,연신내역 2번,3690,1693,1997,6,426,539,641,723,1355,1,130,248,249,302,763,5,296,291,392,421,592
2021,1,A,골목상권,2110480,연신내역 3번,2030,889,1141,7,285,397,542,504,295,2,114,188,232,200,153,5,171,209,310,304,142
2021,1,A,골목상권,2110481,불광역 7번,1630,770,860,2,178,335,467,396,252,2,71,171,214,161,151,0,107,164,253,235,101
2021,1,A,골목상권,2110482,연신초등학교,1850,991,859,0,81,162,205,312,1090,0,37,95,80,152,627,0,44,67,125,160,463
2021,1,A,골목상권,2110483,연천초등학교,2384,1178,1206,5,230,267,295,400,1187,1,94,133,119,166,665,4,136,134,176,234,522
2021,1,A,골목상권,2110484,역촌역 3번,4601,2236,2365,13,523,1110,1233,1186,536,9,213,468,558,627,361,4,310,642,675,559,175
2021,1,A,골목상권,2110485,연신내우체국,2361,1188,1173,2,126,245,348,438,1202,1,51,129,145,186,676,1,75,116,203,252,526
2021,1,A,골목상권,2110486,은평구청,4169,2254,1915,8,461,993,1117,1108,482,5,227,494,557,645,326,3,234,499,560,463,156
2021,1,A,골목상권,2110487,불광역 8번,1735,695,1040,1,239,499,452,361,183,1,77,188,182,154,93,0,162,311,270,207,90
2021,1,A,골목상권,2110488,우리은행응암동지점,3955,2113,1842,9,480,961,1013,1016,476,6,235,475,494,594,309,3,245,486,519,422,167
2021,1,A,골목상권,2110489,불광역 3번,1836,816,1020,7,273,558,474,348,176,6,92,204,220,175,119,1,181,354,254,173,57
2021,1,A,골목상권,2110490,녹번동근린공원,5262,2678,2584,13,663,1384,1395,1293,514,9,294,621,670,746,338,4,369,763,725,547,176
2021,1,A,골목상권,2110491,불광중학교,579,216,363,1,45,99,156,186,92,1,13,42,53,58,49,0,32,57,103,128,43
2021,1,A,골목상권,2110492,하나고등학교,578,273,305,1,22,107,147,171,130,0,7,76,108,56,26,1,15,31,39,115,104
2021,1,A,골목상권,2110493,북가좌초등학교,1856,1392,464,0,60,148,223,379,1046,0,20,69,94,236,973,0,40,79,129,143,73
2021,1,A,골목상권,2110494,증산3교남측,1780,1221,559,0,92,213,258,339,878,0,34,98,100,184,805,0,58,115,158,155,73
2021,1,A,골목상권,2110495,북가좌2동주민센터,3902,2063,1839,9,568,954,896,849,626,5,186,536,522,443,371,4,382,418,374,406,255
2021,1,A,골목상권,2110496,모래내우체국,2367,1136,1231,7,310,507,560,577,406,4,94,247,294,279,218,3,216,260,266,298,188
2021,1,A,골목상권,2110497,가좌역 3번,3659,2225,1434,4,227,435,598,923,1472,2,157,292,399,499,876,2,70,143,199,424,596
2021,1,A,골목상권,2110498,증산역 1번,2906,1506,1400,8,440,635,651,682,490,3,148,355,341,338,321,5,292,280,310,344,169
2021,1,A,골목상권,2110499,연가초등학교,1891,1022,869,0,178,382,499,526,306,0,73,217,266,255,211,0,105,165,233,271,95
2021,1,A,골목상권,2110500,남가좌동현대아파트,278,164,114,0,37,45,74,87,35,0,21,27,44,54,18,0,16,18,30,33,17
2021,1,A,골목상권,2110501,연희어린이공원,1540,875,665,10,217,360,378,360,215,8,103,242,206,176,140,2,114,118,172,184,75
2021,1,A,골목상권,2110502,남가좌파출소,1097,580,517,0,99,196,301,322,179,0,39,79,152,183,127,0,60,117,149,139,52
2021,1,A,골목상권,2110503,명지대학교교회,3864,2524,1340,30,620,1117,971,783,343,26,367,778,642,473,238,4,253,339,329,310,105
2021,1,A,골목상권,2110504,명지전문대,965,467,498,1,90,171,253,281,169,0,34,71,117,147,98,1,56,100,136,134,71
2021,1,A,골목상권,2110505,홍남교남측,2235,1498,737,50,708,612,370,328,167,27,409,504,235,198,125,23,299,108,135,130,42
2021,1,A,골목상권,2110506,연희임광아파트,1554,815,739,2,227,343,380,390,212,2,100,227,187,174,125,0,127,116,193,216,87
2021,1,A,골목상권,2110507,명지대학교,3504,2308,1196,30,563,997,832,765,317,27,345,664,531,490,251,3,218,333,301,275,66
2021,1,A,골목상권,2110508,서연중학교,5090,3173,1917,65,1140,1333,940,1011,601,33,630,969,582,565,394,32,510,364,358,446,207
2021,1,A,골목상권,2110509,연희대우아파트앞,9280,6343,2937,12,1331,2148,1961,2829,999,8,717,1291,1263,2264,800,4,614,857,698,565,199
2021,1,A,골목상권,2110510,홍연시장,3041,1987,1054,55,824,775,546,576,265,30,470,602,320,364,201,25,354,173,226,212,64
2021,1,A,골목상권,2110511,연희초등학교,8378,6001,2377,13,1131,2005,1738,2599,892,3,668,1322,1149,2137,722,10,463,683,589,462,170
2021,1,A,골목상권,2110512,연희지하차도,4882,2826,2056,19,663,1252,1324,1216,408,14,271,646,746,846,303,5,392,606,578,370,105
2021,1,A,골목상권,2110513,연희파출소,4197,2605,1592,22,701,1052,930,956,536,9,309,668,619,625,375,13,392,384,311,331,161
2021,1,A,골목상권,2110514,서대문우체국,8426,5862,2564,6,1198,1860,1691,2693,978,3,772,1174,1054,2110,749,3,426,686,637,583,229
2021,1,A,골목상권,2110515,홍은중학교,1397,819,578,2,174,346,389,297,189,2,86,211,238,167,115,0,88,135,151,130,74
2021,1,A,골목상권,2110516,정원여중,1381,718,663,0,237,296,370,330,148,0,85,145,205,186,97,0,152,151,165,144,51
2021,1,A,골목상권,2110517,서대문소방서,3275,1935,1340,14,501,833,881,711,335,8,210,520,553,438,206,6,291,313,328,273,129
2021,1,A,골목상권,2110518,서대문구청,4288,2377,1911,12,606,1189,1202,1022,257,9,241,603,676,684,164,3,365,586,526,338,93
2021,1,A,골목상권,2110519,서대문구보건소별관,1692,809,883,1,249,320,448,430,244,1,88,147,232,202,139,0,161,173,216,228,105
2021,1,A,골목상권,2110520,경의중앙 신촌역,3939,2209,1730,8,672,1067,897,861,434,5,268,503,474,619,340,3,404,564,423,242,94
2021,1,A,골목상권,2110521,홍제역 4번,1682,856,826,3,180,260,456,544,239,1,56,126,230,305,138,2,124,134,226,239,101
2021,1,A,골목상권,2110522,홍제역 3번,1382,744,638,3,145,201,379,465,189,1,40,103,201,269,130,2,105,98,178,196,59
2021,1,A,골목상권,2110523,홍제성원아파트,389,158,231,1,57,82,97,95,57,0,16,28,41,33,40,1,41,54,56,62,17
2021,1,A,골목상권,2110524,연희세브란스병원,2431,1469,962,0,349,692,566,565,259,0,160,328,325,444,212,0,189,364,241,121,47
2021,1,A,골목상권,2110525,홍은종합사회복지관,7540,1491,6049,3,208,498,1991,3642,1198,1,81,160,323,442,484,2,127,338,1668,3200,714
2021,1,A,골목상권,2110526,봉원사,3964,2083,1881,1,506,1026,1032,955,444,1,183,424,540,636,299,0,323,602,492,319,145
2021,1,A,골목상권,2110527,홍제역 2번,1970,1012,958,5,240,306,504,602,313,1,71,168,245,337,190,4,169,138,259,265,123
2021,1,A,골목상권,2110528,서울여자간호대학교,7645,1571,6074,6,224,518,2027,3660,1210,1,77,161,357,465,510,5,147,357,1670,3195,700
2021,1,A,골목상권,2110529,홍제3동주민센터,1380,676,704,4,168,199,285,330,394,1,54,91,126,173,231,3,114,108,159,157,163
2021,1,A,골목상권,2110530,아현역 1번,1496,797,699,2,376,474,297,209,138,1,141,271,169,125,90,1,235,203,128,84,48
2021,1,A,골목상권,2110531,홍지문,1399,662,737,3,176,371,355,334,160,0,59,172,172,157,102,3,117,199,183,177,58
2021,1,A,골목상권,2110532,아현역 2번,2100,1204,896,3,447,553,442,378,277,1,170,320,262,259,192,2,277,233,180,119,85
2021,1,A,골목상권,2110533,충정로역 7번,3621,2255,1366,1,528,952,988,704,448,0,271,584,646,462,292,1,257,368,342,242,156
2021,1,A,골목상권,2110534,경기대학교,4575,2795,1780,4,723,1180,1049,884,735,1,313,680,710,586,505,3,410,500,339,298,230
2021,1,A,골목상권,2110535,영천시장입구,2014,972,1042,4,231,383,512,581,303,2,70,167,254,298,181,2,161,216,258,283,122
2021,1,A,골목상권,2110536,돈의문센트레빌아파트입구,4662,2901,1761,17,762,1317,1072,1005,489,12,332,727,714,746,370,5,430,590,358,259,119
2021,1,A,골목상권,2110537,충정로현대아파트,9389,5851,3538,15,1288,2694,2554,1994,844,9,654,1734,1643,1241,570,6,634,960,911,753,274
2021,1,A,골목상권,2110538,충정로역 3번,8936,5270,3666,3,1399,2608,2582,1705,639,2,713,1645,1547,938,425,1,686,963,1035,767,214
2021,1,A,골목상권,2110539,미근동,14579,8531,6048,43,2341,4872,3956,2487,880,20,916,2720,2470,1715,690,23,1425,2152,1486,772,190
2021,1,A,골목상권,2110540,망원나들목체육관,2127,1225,902,8,673,639,396,264,147,1,405,345,203,164,107,7,268,294,193,100,40
2021,1,A,골목상권,2110541,동교초등학교,2316,1291,1025,5,338,448,612,521,392,4,142,250,332,300,263,1,196,198,280,221,129
2021,1,A,골목상권,2110542,마포구청역 7번,5884,3486,2398,20,759,1112,1284,1743,966,11,396,791,870,831,587,9,363,321,414,912,379
2021,1,A,골목상권,2110543,중암중학교,833,554,279,1,60,103,162,253,254,0,22,52,83,160,237,1,38,51,79,93,17
2021,1,A,골목상권,2110544,망리단길,7556,4327,3229,18,1463,1819,1641,1152,1463,8,731,897,847,686,1158,10,732,922,794,466,305
2021,1,A,골목상권,2110545,마포구청역 1번,5795,3278,2517,19,697,1071,1239,1869,900,11,398,782,801,813,473,8,299,289,438,1056,427
2021,1,A,골목상권,2110546,양화대교북단,2197,1293,904,3,397,587,543,403,264,3,182,321,363,255,169,0,215,266,180,148,95
2021,1,A,골목상권,2110547,KB국민은행 망원동지점,7219,4458,2761,19,879,1335,1493,1861,1632,11,452,900,987,934,1174,8,427,435,506,927,458
2021,1,A,골목상권,2110548,마포구청역 4번,6841,4101,2740,18,906,1347,1531,1972,1067,10,478,942,1005,1003,663,8,428,405,526,969,404
2021,1,A,골목상권,2110549,새터산,3175,1870,1305,8,386,657,845,821,458,5,193,379,479,513,301,3,193,278,366,308,157
2021,1,A,골목상권,2110550,합정역 8번,6172,3370,2802,15,1101,1610,1524,1115,807,10,445,802,926,667,520,5,656,808,598,448,287
2021,1,A,골목상권,2110551,성서초등학교,3701,2140,1561,4,377,635,877,713,1095,4,160,324,410,372,870,0,217,311,467,341,225
2021,1,A,골목상권,2110552,성미산체육관,3504,2146,1358,9,471,801,906,820,497,5,221,455,546,576,343,4,250,346,360,244,154
2021,1,A,골목상권,2110553,가좌역 2번,2187,1399,788,4,204,388,539,613,439,2,92,207,352,431,315,2,112,181,187,182,124
2021,1,A,골목상권,2110554,망원역 1번,7782,4228,3554,15,1168,1783,1913,1422,1481,10,461,862,1004,783,1108,5,707,921,909,639,373
2021,1,A,골목상권,2110555,홍익지구대,4079,2137,1942,11,689,1073,1062,755,489,6,236,510,626,449,310,5,453,563,436,306,179
2021,1,A,골목상권,2110556,절두산순교성지,1684,1064,620,5,244,483,463,361,128,5,104,278,313,266,98,0,140,205,150,95,30
2021,1,A,골목상권,2110557,홍대부속여중고앞,9427,5263,4164,23,1361,2238,2227,1745,1833,17,545,1184,1349,937,1231,6,816,1054,878,808,602
2021,1,A,골목상권,2110558,경성고등학교,5587,3527,2060,22,775,1348,1393,1232,817,18,394,800,884,814,617,4,381,548,509,418,200
2021,1,A,골목상권,2110559,성산중학교,5087,2952,2135,21,936,1483,1317,912,418,13,364,796,845,628,306,8,572,687,472,284,112
2021,1,A,골목상권,2110560,마포FM,6502,3860,2642,16,982,1627,1454,1287,1136,10,407,959,988,793,703,6,575,668,466,494,433
2021,1,A,골목상권,2110561,상수역 4번,3164,1891,1273,31,678,957,732,501,265,20,308,561,479,325,198,11,370,396,253,176,67
2021,1,A,골목상권,2110562,연트럴파크(연남동주민센터),4252,2404,1848,9,682,1050,1057,868,586,8,291,605,590,495,415,1,391,445,467,373,171
2021,1,A,골목상권,2110563,상수역 3번,1950,1182,768,20,422,582,432,300,194,14,197,341,286,205,139,6,225,241,146,95,55
2021,1,A,골목상권,2110564,홍대입구역 3번,5143,2795,2348,17,919,1276,1149,1001,781,12,343,638,645,612,545,5,576,638,504,389,236
2021,1,A,골목상권,2110565,홍익대,4742,3246,1496,13,762,1139,1187,937,704,7,414,751,851,666,557,6,348,388,336,271,147
2021,1,A,골목상권,2110566,경의선책거리,10071,5990,4081,33,1755,2290,2438,2032,1523,20,865,1338,1493,1197,1077,13,890,952,945,835,446
2021,1,A,골목상권,2110567,광흥창역 6번,2158,1187,971,2,280,488,570,500,318,0,88,208,312,318,261,2,192,280,258,182,57
2021,1,A,골목상권,2110568,광흥창역 1번,2827,1531,1296,2,399,755,771,659,241,0,117,361,454,445,154,2,282,394,317,214,87
2021,1,A,골목상권,2110569,홍대땡땡거리,4784,2362,2422,15,981,1209,1107,899,573,8,435,650,554,397,318,7,546,559,553,502,255
2021,1,A,골목상권,2110570,KB국민은행 서강지점,1996,1235,761,10,256,489,549,383,309,9,126,290,317,252,241,1,130,199,232,131,68
2021,1,A,골목상권,2110571,신수동주민센터,6299,3573,2726,14,776,1656,1652,1511,690,10,303,790,929,1038,503,4,473,866,723,473,187
2021,1,A,골목상권,2110572,서강대역 1번,9068,4445,4623,72,2764,2315,1724,1543,650,26,1022,1103,935,954,405,46,1742,1212,789,589,245
2021,1,A,골목상권,2110573,신촌역 6번,3966,1771,2195,61,2020,931,425,343,186,20,758,445,208,214,126,41,1262,486,217,129,60
2021,1,A,골목상권,2110574,서강대학교,1561,918,643,4,194,350,405,384,224,2,93,205,256,209,153,2,101,145,149,175,71
2021,1,A,골목상권,2110575,대흥동주민센터,4424,2010,2414,64,2141,1019,506,453,241,21,801,499,233,280,176,43,1340,520,273,173,65
2021,1,A,골목상권,2110576,대흥역 3번,5951,3670,2281,79,1016,1372,1330,1278,876,29,500,853,887,811,590,50,516,519,443,467,286
2021,1,A,골목상권,2110577,용강동주민센터,7757,4680,3077,78,1507,2186,1956,1205,825,29,743,1309,1275,779,545,49,764,877,681,426,280
2021,1,A,골목상권,2110578,대흥역 2번,7403,4583,2820,89,1498,1733,1653,1512,918,34,738,1064,1090,1038,619,55,760,669,563,474,299
2021,1,A,골목상권,2110579,마포역 4번,6836,4344,2492,8,1268,1844,1726,1271,719,6,552,1114,1202,925,545,2,716,730,524,346,174
2021,1,A,골목상권,2110580,양원초등학교,835,410,425,3,122,173,205,202,130,2,34,88,96,111,79,1,88,85,109,91,51
2021,1,A,골목상권,2110581,염리초등학교,11991,6894,5097,24,1766,2851,3013,2599,1738,10,963,1752,1839,1304,1026,14,803,1099,1174,1295,712
2021,1,A,골목상권,2110582,이대역 5번,996,382,614,2,125,209,275,242,143,1,27,57,87,121,89,1,98,152,188,121,54
2021,1,A,골목상권,2110583,공덕래미안3차아파트,10579,6407,4172,38,1986,3371,2915,1800,469,9,938,1908,1883,1348,321,29,1048,1463,1032,452,148
2021,1,A,골목상권,2110584,아현역 4번,1593,827,766,2,374,498,331,224,164,1,138,271,180,129,108,1,236,227,151,95,56
2021,1,A,골목상권,2110585,마포경찰서,7079,4166,2913,8,1235,2487,2119,968,262,1,618,1463,1293,626,165,7,617,1024,826,342,97
2021,1,A,골목상권,2110586,서울서부지방법원,19070,11193,7877,90,3888,5775,5319,3123,875,33,1607,3200,3429,2296,628,57,2281,2575,1890,827,247
2021,1,A,골목상권,2110587,공덕동주민센터,6321,3515,2806,22,1145,1800,1749,1153,452,5,525,961,999,724,301,17,620,839,750,429,151
2021,1,A,골목상권,2110588,한겨레신문사,2850,1529,1321,2,519,639,724,652,314,2,285,398,335,314,195,0,234,241,389,338,119
2021,1,A,골목상권,2110589,애오개역 3번,2670,1166,1504,0,463,870,876,364,97,0,172,429,389,118,58,0,291,441,487,246,39
2021,1,A,골목상권,2110590,만리재,1948,972,976,1,255,425,499,527,241,1,93,214,253,264,147,0,162,211,246,263,94
2021,1,A,골목상권,2110591,충정로역 6번,5404,3164,2240,0,955,1528,1449,912,560,0,477,884,839,590,374,0,478,644,610,322,186
2021,1,A,골목상권,2110592,서울금융고등학교,1788,1020,768,0,177,357,377,459,418,0,64,141,192,300,323,0,113,216,185,159,95
2021,1,A,골목상권,2110593,신월3동주민센터,1979,1072,907,1,214,366,444,532,422,0,79,159,206,310,318,1,135,207,238,222,104
2021,1,A,골목상권,2110594,신월중학교,1610,737,873,7,235,411,427,385,145,4,83,171,183,194,102,3,152,240,244,191,43
2021,1,A,골목상권,2110595,메디힐병원,3307,1776,1531,2,345,697,733,878,652,1,148,334,364,502,427,1,197,363,369,376,225
2021,1,A,골목상권,2110596,서서울호수공원,2414,1520,894,5,296,458,530,682,443,2,143,270,315,430,360,3,153,188,215,252,83
2021,1,A,골목상권,2110597,신월1동주민센터,3247,1879,1368,5,328,631,701,902,680,2,149,350,364,551,463,3,179,281,337,351,217
2021,1,A,골목상권,2110598,신월문화체육센터,4415,2906,1509,4,469,723,911,1046,1262,3,347,549,598,639,770,1,122,174,313,407,492
2021,1,A,골목상권,2110599,신월1파출소,1954,1183,771,4,189,357,509,638,257,2,104,206,281,401,189,2,85,151,228,237,68
2021,1,A,골목상권,2110600,신월7동주민센터,4589,3041,1548,5,349,562,844,1298,1531,3,190,349,550,894,1055,2,159,213,294,404,476
2021,1,A,골목상권,2110601,신월1동우편취급국,3018,1984,1034,9,310,532,728,944,495,4,169,341,467,618,385,5,141,191,261,326,110
2021,1,A,골목상권,2110602,신월시영아파트중문,3451,2409,1042,4,231,412,798,1090,916,2,141,263,470,758,775,2,90,149,328,332,141
2021,1,A,골목상권,2110603,지향초등학교,2592,1701,891,3,160,370,659,856,544,0,64,217,403,589,428,3,96,153,256,267,116
2021,1,A,골목상권,2110604,신월4동주민센터,3244,2266,978,5,220,414,690,1030,885,2,102,228,416,732,786,3,118,186,274,298,99
2021,1,A,골목상권,2110605,목동센트럴아이파크앞,1754,989,765,2,116,242,435,576,383,0,50,131,215,314,279,2,66,111,220,262,104
2021,1,A,골목상권,2110606,신한은행 신월동지점,3615,2480,1135,3,177,372,789,1154,1120,1,78,207,430,795,969,2,99,165,359,359,151
2021,1,A,골목상권,2110607,금빛새마을금고본점,2998,2422,576,7,172,293,469,558,1499,3,99,181,289,411,1439,4,73,112,180,147,60
2021,1,A,골목상권,2110608,신월2동주민센터,3976,2139,1837,15,369,670,1059,1102,761,11,184,386,521,524,513,4,185,284,538,578,248
2021,1,A,골목상권,2110609,신정네거리역 2번,3335,2512,823,7,218,342,581,655,1532,2,101,191,310,462,1446,5,117,151,271,193,86
2021,1,A,골목상권,2110610,계남근린공원,2806,1832,974,4,367,839,889,389,318,1,175,534,672,250,200,3,192,305,217,139,118
2021,1,A,골목상권,2110611,신정역 1번,5571,3252,2319,20,1009,852,985,1191,1514,13,358,475,562,627,1217,7,651,377,423,564,297
2021,1,A,골목상권,2110612,신정역 5번,4880,2815,2065,12,941,776,869,924,1358,5,300,381,452,509,1168,7,641,395,417,415,190
2021,1,A,골목상권,2110613,신정네거리역 4번,662,330,332,1,82,146,146,151,136,1,28,65,62,82,92,0,54,81,84,69,44
2021,1,A,골목상권,2110614,목동로데오거리,2729,1267,1462,3,368,601,686,671,400,2,129,258,320,327,231,1,239,343,366,344,169
2021,1,A,골목상권,2110615,신서초등학교,8009,4605,3404,28,1503,2016,1895,1652,915,24,525,1225,1134,1015,682,4,978,791,761,637,233
2021,1,A,골목상권,2110616,양목초등학교,1799,899,900,5,181,390,400,460,363,2,68,196,194,233,206,3,113,194,206,227,157
2021,1,A,골목상권,2110617,등촌역 4번,3438,1930,1508,2,451,781,858,856,490,0,208,454,481,453,334,2,243,327,377,403,156
2021,1,A,골목상권,2110618,강서고등학교,4292,2255,2037,8,835,1131,1004,886,428,4,221,551,572,565,342,4,614,580,432,321,86
2021,1,A,골목상권,2110619,목4동주민센터,3721,1714,2007,6,823,1066,907,664,255,2,194,461,482,378,197,4,629,605,425,286,58
2021,1,A,골목상권,2110620,목동보건지소,4227,2213,2014,7,503,1016,1212,975,514,5,250,571,551,479,357,2,253,445,661,496,157
2021,1,A,골목상권,2110621,목동역 5번,9489,5120,4369,21,1849,2483,2292,1693,1151,12,701,1376,1387,935,709,9,1148,1107,905,758,442
2021,1,A,골목상권,2110622,달마을공원,4416,2669,1747,3,560,997,1287,1119,450,2,275,579,819,688,306,1,285,418,468,431,144
2021,1,A,골목상권,2110623,갈산공원,1938,1165,773,6,220,476,489,421,326,4,121,280,280,244,236,2,99,196,209,177,90
2021,1,A,골목상권,2110624,목동문화체육센터,2321,1175,1146,1,328,550,660,492,290,1,169,289,299,229,188,0,159,261,361,263,102
2021,1,A,골목상권,2110625,신정2동주민센터,19093,11500,7593,116,3148,6062,4842,3763,1162,81,1491,3599,3053,2506,770,35,1657,2463,1789,1257,392
2021,1,A,골목상권,2110626,양화초등학교,5376,3201,2175,7,707,1254,1523,1314,571,5,310,670,1001,828,387,2,397,584,522,486,184
2021,1,A,골목상권,2110627,신정롯데캐슬아파트,13152,7343,5809,66,2437,4215,3340,2376,718,31,964,2220,2044,1547,537,35,1473,1995,1296,829,181
2021,1,A,골목상권,2110628,신목동역,2970,1823,1147,5,409,809,809,620,318,3,200,461,521,428,210,2,209,348,288,192,108
2021,1,A,골목상권,2110629,송정역 4번,31131,16295,14836,1,5401,10620,8646,5741,722,1,1218,4347,5017,5107,605,0,4183,6273,3629,634,117
2021,1,A,골목상권,2110630,공항시장역 1번,33522,17722,15800,6,5643,10995,9040,6314,1524,3,1318,4557,5278,5486,1080,3,4325,6438,3762,828,444
2021,1,A,골목상권,2110631,방화초등학교,2474,1525,949,5,328,491,565,615,470,5,177,298,321,361,363,0,151,193,244,254,107
2021,1,A,골목상권,2110632,방화역 3번,7383,5811,1572,6,736,1634,1983,2247,777,4,551,1255,1531,1831,639,2,185,379,452,416,138
2021,1,A,골목상권,2110633,개화산역 1번,2304,1602,702,6,198,412,735,631,322,4,115,256,543,439,245,2,83,156,192,192,77
2021,1,A,골목상권,2110634,송정역 3번,2694,1672,1022,6,328,605,702,637,416,1,149,365,440,410,307,5,179,240,262,227,109
2021,1,A,골목상권,2110635,공항시장역 3번,4028,2022,2006,9,413,625,733,1111,1137,2,185,363,444,461,567,7,228,262,289,650,570
2021,1,A,골목상권,2110636,방화역 2번,4034,2575,1459,8,374,758,1201,1084,609,6,202,411,781,702,473,2,172,347,420,382,136
2021,1,A,골목상권,2110637,송정역 2번,3090,1452,1638,8,222,392,558,896,1014,1,111,237,333,307,463,7,111,155,225,589,551
2021,1,A,골목상권,2110638,신방화역 2번,4189,2767,1422,12,450,721,1151,1168,687,9,229,441,775,780,533,3,221,280,376,388,154
2021,1,A,골목상권,2110639,신방화역 8번,3267,1552,1715,7,254,358,567,1049,1032,4,117,219,327,397,488,3,137,139,240,652,544
2021,1,A,골목상권,2110640,방화역 1번,4701,2998,1703,7,463,1055,1196,1214,766,5,234,553,729,849,628,2,229,502,467,365,138
2021,1,A,골목상권,2110641,공항고등학교,1775,1121,654,5,243,392,434,432,269,4,138,252,239,274,214,1,105,140,195,158,55
2021,1,A,골목상권,2110642,정곡초등학교,920,727,193,4,48,120,202,265,281,3,32,78,138,222,254,1,16,42,64,43,27
2021,1,A,골목상권,2110643,강서구다솔마을,1476,921,555,1,151,323,422,380,199,0,75,205,270,236,135,1,76,118,152,144,64
2021,1,A,골목상권,2110644,신광명마을,1529,957,572,8,107,211,408,465,330,5,46,108,229,298,271,3,61,103,179,167,59
2021,1,A,골목상권,2110645,우장산역 4번,6461,3740,2721,11,778,1499,1702,1666,805,7,412,940,912,880,589,4,366,559,790,786,216
2021,1,A,골목상권,2110646,푸른들청소년도서관,7186,4303,2883,14,953,1663,1774,1762,1020,9,484,1051,1040,999,720,5,469,612,734,763,300
2021,1,A,골목상권,2110647,화곡역 5번,3929,2063,1866,15,520,821,912,968,693,12,208,459,490,506,388,3,312,362,422,462,305
2021,1,A,골목상권,2110648,양천향교역 7번,4914,3190,1724,14,579,1057,1190,1108,966,10,283,660,797,661,779,4,296,397,393,447,187
2021,1,A,골목상권,2110649,우장산역 1번,2841,1561,1280,6,406,505,632,740,552,3,199,290,339,383,347,3,207,215,293,357,205
2021,1,A,골목상권,2110650,우장산힐스테이트,2082,1180,902,4,212,365,470,571,460,3,113,222,268,291,283,1,99,143,202,280,177
2021,1,A,골목상권,2110651,화원중학교,3517,2196,1321,12,349,654,819,1010,673,8,180,416,488,671,433,4,169,238,331,339,240
2021,1,A,골목상권,2110652,양천향교역 2번,5710,3599,2111,14,619,1180,1278,1459,1160,8,317,748,781,891,854,6,302,432,497,568,306
2021,1,A,골목상권,2110653,화곡역 2번,4351,2351,2000,5,944,910,870,876,746,2,268,477,473,554,577,3,676,433,397,322,169
2021,1,A,골목상권,2110654,까치산역 4번,3795,2359,1436,18,343,671,982,1195,586,15,175,398,555,770,446,3,168,273,427,425,140
2021,1,A,골목상권,2110655,발산역 5번,4383,2015,2368,5,446,729,861,918,1424,3,178,374,438,390,632,2,268,355,423,528,792
2021,1,A,골목상권,2110656,까치산역 3번,3493,1986,1507,17,308,641,932,1073,522,15,157,392,539,568,315,2,151,249,393,505,207
2021,1,A,골목상권,2110657,양천향교역 5번,9781,5923,3858,24,1272,2402,2408,2189,1486,12,574,1336,1536,1311,1154,12,698,1066,872,878,332
2021,1,A,골목상권,2110658,화곡초등학교,4197,2544,1653,2,869,872,820,854,780,0,284,497,482,613,668,2,585,375,338,241,112
2021,1,A,골목상권,2110659,화곡역 4번,5367,2731,2636,20,801,1346,1458,1139,603,15,306,694,725,625,366,5,495,652,733,514,237
2021,1,A,골목상권,2110660,등촌3동주민센터,11883,6282,5601,49,1613,2452,2671,2721,2377,18,736,1568,1579,1216,1165,31,877,884,1092,1505,1212
2021,1,A,골목상권,2110661,강서새말어린이공원,5172,3080,2092,3,619,1428,1352,1332,438,1,266,767,797,928,321,2,353,661,555,404,117
2021,1,A,골목상권,2110662,까치산역 1번,4227,2462,1765,12,541,1010,1114,1000,550,9,263,585,586,634,385,3,278,425,528,366,165
2021,1,A,골목상권,2110663,우장산롯데캐슬아파트앞,11194,6470,4724,40,1626,2878,2757,2837,1056,12,751,1807,1727,1551,622,28,875,1071,1030,1286,434
2021,1,A,골목상권,2110664,강서구청옆,5833,3456,2377,6,812,1721,1459,1348,487,4,363,992,861,906,330,2,449,729,598,442,157
2021,1,A,골목상권,2110665,곰달래도서관,3026,1676,1350,7,329,573,768,822,527,6,144,324,418,426,358,1,185,249,350,396,169
2021,1,A,골목상권,2110666,KC대학교,4814,3125,1689,6,577,1404,1162,1205,460,3,293,836,712,876,405,3,284,568,450,329,55
2021,1,A,골목상권,2110667,가양역 10번,2692,1443,1249,14,455,539,644,615,425,3,213,291,370,318,248,11,242,248,274,297,177
2021,1,A,골목상권,2110668,화곡2동주민센터,3376,1859,1517,11,462,856,918,735,394,8,213,465,475,424,274,3,249,391,443,311,120
2021,1,A,골목상권,2110669,화곡보람2차아파트,4924,2907,2017,4,1178,1380,951,683,728,3,372,912,716,421,483,1,806,468,235,262,245
2021,1,A,골목상권,2110670,신곡초등학교,2263,1214,1049,8,288,636,617,494,220,5,142,343,297,278,149,3,146,293,320,216,71
2021,1,A,골목상권,2110671,등촌1동주민센터,14478,9017,5461,47,2628,3590,3369,2781,2063,27,1070,2281,2330,1868,1441,20,1558,1309,1039,913,622
2021,1,A,골목상권,2110672,백석중학교,3508,1974,1534,2,408,673,852,913,660,1,179,335,522,544,393,1,229,338,330,369,267
2021,1,A,골목상권,2110673,뜸부기어린이공원,4546,2072,2474,4,892,1156,994,968,532,2,237,496,489,496,352,2,655,660,505,472,180
2021,1,A,골목상권,2110674,강서구청가양동별관,3250,2202,1048,13,534,769,882,693,359,8,370,541,605,447,231,5,164,228,277,246,128
2021,1,A,골목상권,2110675,화곡4동주민센터,3054,1392,1662,8,686,826,628,588,318,5,146,369,300,334,238,3,540,457,328,254,80
2021,1,A,골목상권,2110676,등촌역 7번,3083,1901,1182,14,465,677,769,692,466,7,196,414,463,448,373,7,269,263,306,244,93
2021,1,A,골목상권,2110677,등촌역 1번,7770,5001,2769,27,1180,1953,1864,1628,1118,19,526,1215,1243,1143,855,8,654,738,621,485,263
2021,1,A,골목상권,2110678,염창무학아파트,2176,1462,714,4,268,527,551,487,339,3,117,349,371,348,274,1,151,178,180,139,65
2021,1,A,골목상권,2110679,염창역 2번,4141,2829,1312,6,438,939,1245,1003,510,4,219,585,882,757,382,2,219,354,363,246,128
2021,1,A,골목상권,2110680,온수역 5번(온수산업단지),1725,1445,280,18,178,273,326,494,436,18,140,217,249,416,405,0,38,56,77,78,31
2021,1,A,골목상권,2110681,온수역 1번,1119,839,280,1,41,153,236,373,315,1,21,91,147,294,285,0,20,62,89,79,30
2021,1,A,골목상권,2110682,온수역 8번,1099,772,327,1,51,177,251,337,282,1,28,91,144,242,266,0,23,86,107,95,16
2021,1,A,골목상권,2110683,오류고등학교,1310,758,552,5,143,298,351,350,163,2,69,173,204,211,99,3,74,125,147,139,64
2021,1,A,골목상권,2110684,서울공연예술고등학교,1390,797,593,5,149,304,373,389,170,2,71,177,213,231,103,3,78,127,160,158,67
2021,1,A,골목상권,2110685,금강수목원아파트,1251,894,357,2,77,226,345,363,238,1,41,140,228,277,207,1,36,86,117,86,31
2021,1,A,골목상권,2110686,수궁동주민센터,2464,1418,1046,9,230,424,607,718,476,7,102,232,349,412,316,2,128,192,258,306,160
2021,1,A,골목상권,2110687,천왕역 3번(오류2동주민센터 서울오류남초등학교),981,590,391,3,93,218,282,256,129,1,38,109,165,171,106,2,55,109,117,85,23
2021,1,A,골목상권,2110688,오류지구대,2024,1180,844,6,171,361,499,605,382,5,78,189,275,344,289,1,93,172,224,261,93
2021,1,A,골목상권,2110689,오류동역 3번,4967,3126,1841,15,602,944,1206,1425,775,8,423,612,737,822,524,7,179,332,469,603,251
2021,1,A,골목상권,2110690,오류2동버들시장,4817,3106,1711,4,590,1020,1245,1208,750,1,375,616,761,791,562,3,215,404,484,417,188
2021,1,A,골목상권,2110691,개봉중학교,2257,1344,913,6,255,488,536,603,369,1,144,293,301,330,275,5,111,195,235,273,94
2021,1,A,골목상권,2110692,큰굴다리,3501,2336,1165,5,490,701,888,977,440,4,368,470,568,604,322,1,122,231,320,373,118
2021,1,A,골목상권,2110693,오류동역 4번,2869,1936,933,4,380,544,701,802,438,3,304,369,458,494,308,1,76,175,243,308,130
2021,1,A,골목상권,2110694,세곡초등학교,2298,1341,957,2,220,480,607,605,384,0,116,267,319,344,295,2,104,213,288,261,89
2021,1,A,골목상권,2110695,개봉1동주민센터,2553,1495,1058,8,234,615,670,616,410,7,123,360,373,358,274,1,111,255,297,258,136
2021,1,A,골목상권,2110696,오류동역 1번,4076,2551,1525,35,946,1200,792,628,475,18,525,831,467,354,356,17,421,369,325,274,119
2021,1,A,골목상권,2110697,개봉3동주민센터,1428,921,507,1,203,343,360,295,226,1,94,230,241,189,166,0,109,113,119,106,60
2021,1,A,골목상권,2110698,개웅초등학교(개웅중학교),2910,1311,1599,8,427,527,747,807,394,6,221,286,281,277,240,2,206,241,466,530,154
2021,1,A,골목상권,2110699,덕의초등학교,2600,1666,934,9,324,610,655,684,318,7,201,404,412,402,240,2,123,206,243,282,78
2021,1,A,골목상권,2110700,고척초등학교,6601,4680,1921,11,615,1436,1850,2027,662,8,337,1015,1342,1521,457,3,278,421,508,506,205
2021,1,A,골목상권,2110701,고척동성당,5140,3853,1287,8,508,1129,1442,1653,400,2,289,824,1107,1322,309,6,219,305,335,331,91
2021,1,A,골목상권,2110702,개봉초등학교,1617,846,771,1,165,337,431,400,283,1,75,158,210,220,182,0,90,179,221,180,101
2021,1,A,골목상권,2110703,개봉역,9690,5377,4313,42,1449,2320,2204,2355,1320,22,833,1480,1106,1120,816,20,616,840,1098,1235,504
2021,1,A,골목상권,2110704,고척중학교,4524,2700,1824,4,515,986,1072,1090,857,3,263,536,545,647,706,1,252,450,527,443,151
2021,1,A,골목상권,2110705,고산초등학교,3225,2124,1101,3,369,685,744,785,639,2,191,401,432,537,561,1,178,284,312,248,78
2021,1,A,골목상권,2110706,그라운드 고척,3644,2363,1281,2,400,761,863,902,716,2,204,446,507,589,615,0,196,315,356,313,101
2021,1,A,골목상권,2110707,구로창업지원센터,7830,5732,2098,13,782,2138,2103,1720,1074,10,450,1587,1593,1259,833,3,332,551,510,461,241
2021,1,A,골목상권,2110708,화원어린이공원,2555,1302,1253,12,557,671,568,393,354,4,188,310,307,231,262,8,369,361,261,162,92
2021,1,A,골목상권,2110709,구로119안전센터,1617,786,831,4,193,275,354,466,325,2,81,147,192,183,181,2,112,128,162,283,144
2021,1,A,골목상권,2110710,남구로역 3번,23954,15662,8292,83,4830,7403,5886,3524,2228,55,2475,4912,4114,2389,1717,28,2355,2491,1772,1135,511
2021,1,A,골목상권,2110711,구로초등학교,6650,3489,3161,18,1043,1686,1509,1570,824,6,423,836,776,935,513,12,620,850,733,635,311
2021,1,A,골목상권,2110712,남구로역 5번,1744,993,751,8,222,353,399,367,395,5,113,205,206,195,269,3,109,148,193,172,126
2021,1,A,골목상권,2110713,구로보건소,8744,5422,3322,19,1294,2210,2371,1815,1035,12,670,1411,1510,1110,709,7,624,799,861,705,326
2021,1,A,골목상권,2110714,구로4동주민센터,6726,4005,2721,16,736,1595,1535,1881,963,10,334,852,897,1259,653,6,402,743,638,622,310
2021,1,A,골목상권,2110715,구로구민회관,9631,5743,3888,10,1097,2247,2356,2343,1578,7,543,1415,1484,1362,932,3,554,832,872,981,646
2021,1,A,골목상권,2110716,구로나눔길,5187,2873,2314,7,627,1401,1218,1332,602,3,283,752,655,825,355,4,344,649,563,507,247
2021,1,A,골목상권,2110717,남구로역 2번,32359,21997,10362,139,6433,10200,7892,4583,3112,93,3413,6993,5797,3191,2510,46,3020,3207,2095,1392,602
2021,1,A,골목상권,2110718,한국SGI본부,11273,7495,3778,38,1568,2695,2863,2448,1661,30,912,1907,2037,1549,1060,8,656,788,826,899,601
2021,1,A,골목상권,2110719,영서중학교,16106,11484,4622,81,3373,5212,3875,2184,1381,58,1839,3643,3031,1716,1197,23,1534,1569,844,468,184
2021,1,A,골목상권,2110720,대림역 2번,3054,2008,1046,3,284,548,746,896,577,2,135,315,486,651,419,1,149,233,260,245,158
2021,1,A,골목상권,2110721,가리봉파출소,16201,10773,5428,61,3049,5067,4125,2440,1459,38,1654,3498,2950,1549,1084,23,1395,1569,1175,891,375
2021,1,A,골목상권,2110722,G타워,30854,19064,11790,91,6081,10458,8099,3836,2289,44,2876,6665,5338,2458,1683,47,3205,3793,2761,1378,606
2021,1,A,골목상권,2110723,가산디지털단지역 1번 출입구,30711,20313,10398,125,6526,9665,7684,4343,2368,83,3343,6435,5555,3044,1853,42,3183,3230,2129,1299,515
2021,1,A,골목상권,2110724,금천구립가산도서관,16529,10406,6123,48,2688,4775,4093,3007,1918,31,1461,3038,2801,1938,1137,17,1227,1737,1292,1069,781
2021,1,A,골목상권,2110725,가산동주민센터,17959,10649,7310,54,3657,5220,4231,2774,2023,36,1832,3225,2688,1581,1287,18,1825,1995,1543,1193,736
2021,1,A,골목상권,2110726,금천철쭉어린이공원(금하마을),1309,861,448,13,192,244,273,324,263,11,121,165,185,179,200,2,71,79,88,145,63
2021,1,A,골목상권,2110727,독산역 1번 출입구,17476,11439,6037,47,2095,3867,3580,3098,4789,35,1158,2571,2539,2068,3068,12,937,1296,1041,1030,1721
2021,1,A,골목상권,2110728,두산초등학교,18360,12147,6213,48,2128,4025,3814,3397,4948,34,1169,2673,2717,2302,3252,14,959,1352,1097,1095,1696
2021,1,A,골목상권,2110729,가산동우체국,7733,4618,3115,35,1115,1778,1866,1386,1553,23,591,1099,1184,849,872,12,524,679,682,537,681
2021,1,A,골목상권,2110730,서울축산농협 독산역지점(독산파출소),8706,5284,3422,16,575,977,1154,1734,4250,13,301,608,665,989,2708,3,274,369,489,745,1542
2021,1,A,골목상권,2110731,금천구청역 1번 출입구,4713,2376,2337,15,717,1254,1089,1102,536,10,295,567,515,637,352,5,422,687,574,465,184
2021,1,A,골목상권,2110732,가산초등학교(세일중학교),3569,2253,1316,15,480,731,846,865,632,5,267,437,485,565,494,10,213,294,361,300,138
2021,1,A,골목상권,2110733,금천어울림복지센터,3444,1825,1619,7,384,863,854,918,418,7,139,357,436,581,305,0,245,506,418,337,113
2021,1,A,골목상권,2110734,금천파출소,2086,924,1162,8,492,580,438,382,186,3,209,294,191,141,86,5,283,286,247,241,100
2021,1,A,골목상권,2110735,말미고개,3342,1951,1391,9,413,671,745,902,602,5,210,391,419,491,435,4,203,280,326,411,167
2021,1,A,골목상권,2110736,독산119안전센터,3398,2048,1350,7,368,585,749,938,751,2,210,356,449,533,498,5,158,229,300,405,253
2021,1,A,골목상권,2110737,금천세무서,2285,1396,889,11,291,455,570,573,385,2,149,254,326,364,301,9,142,201,244,209,84
2021,1,A,골목상권,2110738,문성초등학교,2977,1790,1187,13,415,599,717,708,525,4,242,374,447,400,323,9,173,225,270,308,202
2021,1,A,골목상권,2110739,시흥3동 우편취급국,6352,3608,2744,12,450,863,1467,1666,1894,3,234,571,836,841,1123,9,216,292,631,825,771
2021,1,A,골목상권,2110740,금천해태공원,3416,1807,1609,19,676,847,769,717,388,14,314,474,387,335,283,5,362,373,382,382,105
2021,1,A,골목상권,2110741,독산2동주민센터,2240,1186,1054,4,289,450,522,614,361,2,144,230,254,308,248,2,145,220,268,306,113
2021,1,A,골목상권,2110742,KT금천빌딩(금천구시설관리공단),6015,3720,2295,11,452,843,1212,1435,2062,3,293,570,765,848,1241,8,159,273,447,587,821
2021,1,A,골목상권,2110743,시흥초등학교(시흥1동우체국),2406,1098,1308,8,357,447,616,620,358,6,148,209,284,249,202,2,209,238,332,371,156
2021,1,A,골목상권,2110744,독산동성당,2416,1405,1011,3,254,397,504,647,611,2,147,225,267,354,410,1,107,172,237,293,201
2021,1,A,골목상권,2110745,독산동정훈단지,1707,938,769,1,199,309,343,477,378,0,110,127,144,259,298,1,89,182,199,218,80
2021,1,A,골목상권,2110746,금천금빛공원(은행나무사거리서측),1310,613,697,2,128,213,354,362,251,1,50,94,162,172,134,1,78,119,192,190,117
2021,1,A,골목상권,2110747,석수역 1번 출입구,1141,853,288,4,75,146,253,309,354,4,50,104,169,220,306,0,25,42,84,89,48
2021,1,A,골목상권,2110748,백산초등학교,1856,1127,729,1,232,353,454,484,332,1,140,225,265,265,231,0,92,128,189,219,101
2021,1,A,골목상권,2110749,금산초등학교(금천고등학교),7948,4687,3261,13,583,1162,1851,2068,2271,4,304,743,1058,1128,1450,9,279,419,793,940,821
2021,1,A,골목상권,2110750,시흥4동주민센터(서울신흥초등학교),1282,735,547,10,177,238,364,328,165,8,95,148,212,156,116,2,82,90,152,172,49
2021,1,A,골목상권,2110751,난곡중학교,5213,3717,1496,5,380,874,998,1011,1945,4,227,511,612,622,1741,1,153,363,386,389,204
2021,1,A,골목상권,2110752,한울중학교,2508,1442,1066,13,371,511,631,654,328,10,227,286,332,344,243,3,144,225,299,310,85
2021,1,A,골목상권,2110753,시흥동 은행나무사거리,2070,1119,951,8,216,426,499,538,383,7,110,244,247,282,229,1,106,182,252,256,154
2021,1,A,골목상권,2110754,삼성산자연공원(서울금천초등학교),2472,1302,1170,24,320,567,623,566,372,17,150,318,341,253,223,7,170,249,282,313,149
2021,1,A,골목상권,2110755,동일여자고등학교,2135,1066,1069,22,282,514,513,476,328,16,133,279,259,198,181,6,149,235,254,278,147
2021,1,A,골목상권,2110756,문래중학교,2728,1912,816,3,291,594,707,629,504,0,153,434,496,443,386,3,138,160,211,186,118
2021,1,A,골목상권,2110757,양평역 2번,5127,3795,1332,16,638,1290,1232,1011,940,8,379,981,930,735,762,8,259,309,302,276,178
2021,1,A,골목상권,2110758,문래소공원,15574,8153,7421,106,3451,3930,3390,3353,1344,31,1573,2867,1720,962,1000,75,1878,1063,1670,2391,344
2021,1,A,골목상권,2110759,문래예술촌(문래창작촌),66557,51492,15065,62,8833,22832,21900,9809,3121,32,5445,17498,18835,7910,1772,30,3388,5334,3065,1899,1349
2021,1,A,골목상권,2110760,선유도역 6번,12817,7184,5633,36,2497,3665,3582,1995,1042,13,1072,2185,2010,1151,753,23,1425,1480,1572,844,289
2021,1,A,골목상권,2110761,문래동남성맨션,2530,1610,920,7,264,524,672,539,524,2,128,308,394,353,425,5,136,216,278,186,99
2021,1,A,골목상권,2110762,선유도역 1번,13668,7921,5747,38,2474,3715,3705,2298,1438,14,1069,2259,2141,1374,1064,24,1405,1456,1564,924,374
2021,1,A,골목상권,2110763,영등포구청역 2번,8695,4343,4352,23,1697,2301,1702,1681,1291,12,718,1211,954,756,692,11,979,1090,748,925,599
2021,1,A,골목상권,2110764,문래역 3번,4607,2577,2030,6,1067,1049,1088,744,653,3,348,575,673,486,492,3,719,474,415,258,161
2021,1,A,골목상권,2110765,문래동사거리,7830,4633,3197,26,1429,2100,2107,1368,800,12,580,1203,1318,865,655,14,849,897,789,503,145
2021,1,A,골목상권,2110766,대림역 5번,11181,7292,3889,23,1207,2226,2566,2591,2568,10,630,1648,1904,1582,1518,13,577,578,662,1009,1050
2021,1,A,골목상권,2110767,도림동주민센터,3182,1885,1297,15,390,687,802,650,638,9,145,362,448,425,496,6,245,325,354,225,142
2021,1,A,골목상권,2110768,도림2동유수지내체육시설,2354,1370,984,12,303,517,598,503,421,8,98,264,326,358,316,4,205,253,272,145,105
2021,1,A,골목상권,2110769,대림차이나타운(대림역 12번),2722,1534,1188,6,326,457,574,598,761,4,134,255,332,345,464,2,192,202,242,253,297
2021,1,A,골목상권,2110770,영등포구청역 6번,4260,2620,1640,11,498,892,1114,882,863,8,216,483,672,580,661,3,282,409,442,302,202
2021,1,A,골목상권,2110771,대림역 11번,2948,1669,1279,6,319,411,591,693,928,2,109,223,321,410,604,4,210,188,270,283,324
2021,1,A,골목상권,2110772,신우어린이공원,2997,2132,865,12,429,826,887,541,302,4,220,608,699,381,220,8,209,218,188,160,82
2021,1,A,골목상권,2110773,당산역 13번,2905,1950,955,5,412,582,610,614,682,2,235,382,388,415,528,3,177,200,222,199,154
2021,1,A,골목상권,2110774,당산반도유보라팰리스아파트,8457,4962,3495,26,1814,2431,1605,1556,1025,16,821,1362,1009,1027,727,10,993,1069,596,529,298
2021,1,A,골목상권,2110775,대동초등학교,2459,1332,1127,3,269,325,473,553,836,2,89,164,242,302,533,1,180,161,231,251,303
2021,1,A,골목상권,2110776,도신초등학교,4733,3293,1440,15,581,1138,1372,1021,606,5,303,810,1017,693,465,10,278,328,355,328,141
2021,1,A,골목상권,2110777,구로세무서,8769,5040,3729,42,1718,2576,2320,1425,688,12,658,1412,1465,941,552,30,1060,1164,855,484,136
2021,1,A,골목상권,2110778,구로디지털단지역 4번,17970,10395,7575,62,3849,6187,4533,2071,1268,25,1650,3691,2861,1304,864,37,2199,2496,1672,767,404
2021,1,A,골목상권,2110779,대림갑을명가아파트,1069,666,403,1,100,175,270,315,208,0,50,111,168,188,149,1,50,64,102,127,59
2021,1,A,골목상권,2110780,신길대성유니드아파트,1455,969,486,1,140,290,376,383,265,1,90,176,235,250,217,0,50,114,141,133,48
2021,1,A,골목상권,2110781,대림한신아파트,2334,1304,1030,3,330,410,531,592,468,0,115,225,289,336,339,3,215,185,242,256,129
2021,1,A,골목상권,2110782,영등포시장역 4번,2465,1324,1141,11,360,533,568,540,453,3,132,283,346,306,254,8,228,250,222,234,199
2021,1,A,골목상권,2110783,영등포시장역 1번,4972,3155,1817,7,670,1173,1173,1290,659,4,428,837,769,737,380,3,242,336,404,553,279
2021,1,A,골목상권,2110784,신대림초등학교,1107,505,602,0,169,239,283,265,151,0,37,90,140,139,99,0,132,149,143,126,52
2021,1,A,골목상권,2110785,영등포푸르지오아파트,2451,1619,832,9,260,554,675,578,375,6,121,360,452,397,283,3,139,194,223,181,92
2021,1,A,골목상권,2110786,당산역 8번,7825,5499,2326,20,1077,1908,2064,1786,970,6,520,1259,1536,1421,757,14,557,649,528,365,213
2021,1,A,골목상권,2110787,신길3동주민센터,1222,699,523,4,115,241,343,317,202,4,48,124,193,184,146,0,67,117,150,133,56
2021,1,A,골목상권,2110788,영등포시장역 3번,1667,1051,616,4,180,309,409,385,380,2,99,204,272,245,229,2,81,105,137,140,151
2021,1,A,골목상권,2110789,대림성모병원,4450,2148,2302,2,1231,1263,925,658,371,2,390,671,514,343,228,0,841,592,411,315,143
2021,1,A,골목상권,2110790,대림1동주민센터,2429,1435,994,10,228,503,715,574,399,6,126,305,368,341,289,4,102,198,347,233,110
2021,1,A,골목상권,2110791,신풍역 3번,1383,586,797,2,125,278,433,323,222,1,61,103,121,135,165,1,64,175,312,188,57
2021,1,A,골목상권,2110792,영등포역 2번,5923,3190,2733,47,860,1497,1434,1376,709,16,347,682,787,863,495,31,513,815,647,513,214
2021,1,A,골목상권,2110793,대림썬프라자,2818,1319,1499,8,768,694,688,474,186,5,217,345,325,283,144,3,551,349,363,191,42
2021,1,A,골목상권,2110794,영동초등학교,8718,5133,3585,8,1743,2212,2176,1709,870,4,679,1371,1441,1029,609,4,1064,841,735,680,261
2021,1,A,골목상권,2110795,도림초등학교,1828,1023,805,5,184,344,440,434,421,3,71,175,248,241,285,2,113,169,192,193,136
2021,1,A,골목상권,2110796,한림대학교한강성심병원,5632,3268,2364,8,1305,1322,1284,1015,698,0,411,703,861,726,567,8,894,619,423,289,131
2021,1,A,골목상권,2110797,KT대방빌딩,3144,1496,1648,9,820,808,770,523,214,6,240,402,374,312,162,3,580,406,396,211,52
2021,1,A,골목상권,2110798,신풍역 2번,2122,1241,881,11,207,502,639,459,304,7,108,296,321,278,231,4,99,206,318,181,73
2021,1,A,골목상권,2110799,영등포본동주민센터,3983,2135,1848,33,649,947,932,981,441,14,258,423,511,605,324,19,391,524,421,376,117
2021,1,A,골목상권,2110800,영등포동성당,5362,2916,2446,19,1329,1256,1139,983,636,8,431,652,702,637,486,11,898,604,437,346,150
2021,1,A,골목상권,2110801,신풍역 6번(신길6동공영주차장),301,115,186,1,34,45,73,79,69,0,1,15,27,34,38,1,33,30,46,45,31
2021,1,A,골목상권,2110802,신길동홍어거리,1971,1091,880,2,192,411,401,426,539,0,72,183,199,241,396,2,120,228,202,185,143
2021,1,A,골목상권,2110803,신길2동우편취급국,2509,1438,1071,6,234,521,553,547,648,3,108,251,286,304,486,3,126,270,267,243,162
2021,1,A,골목상권,2110804,신풍역 1번,2372,1166,1206,3,272,549,698,504,346,2,123,257,287,245,252,1,149,292,411,259,94
2021,1,A,골목상권,2110805,신길새마을금고신길4동지점,1216,700,516,1,199,271,315,295,135,0,101,161,180,161,97,1,98,110,135,134,38
2021,1,A,골목상권,2110806,서울시립영등포장애인복지관,2387,1673,714,16,364,520,569,547,371,8,193,343,417,410,302,8,171,177,152,137,69
2021,1,A,골목상권,2110807,신길역 3번,1638,807,831,11,174,333,401,411,308,8,82,179,196,176,166,3,92,154,205,235,142
2021,1,A,골목상권,2110808,신길역 1번,1592,740,852,5,182,313,417,413,262,2,80,156,192,166,144,3,102,157,225,247,118
2021,1,A,골목상권,2110809,장훈고등학교,1606,910,696,1,204,371,337,337,356,0,98,181,189,193,249,1,106,190,148,144,107
2021,1,A,골목상권,2110810,영신초등학교,3517,1894,1623,3,458,736,791,799,730,0,206,397,450,391,450,3,252,339,341,408,280
2021,1,A,골목상권,2110811,보라매역 4번,2766,1733,1033,6,446,755,710,512,337,4,184,499,472,333,241,2,262,256,238,179,96
2021,1,A,골목상권,2110812,신길6동주민센터,4624,2863,1761,10,727,1148,1135,989,615,4,315,738,735,653,418,6,412,410,400,336,197
2021,1,A,골목상권,2110813,보라매역 6번,6876,4830,2046,11,1220,1596,1384,1792,873,6,699,1147,989,1373,616,5,521,449,395,419,257
2021,1,A,골목상권,2110814,서울지방병무청,7603,4784,2819,9,1346,1680,1544,2153,871,3,693,1084,953,1469,582,6,653,596,591,684,289
2021,1,A,골목상권,2110815,공군호텔,4714,2349,2365,7,784,1077,1138,980,728,1,277,561,601,456,453,6,507,516,537,524,275
2021,1,A,골목상권,2110816,대방역 6번,3962,2050,1912,10,759,1006,1000,663,524,4,298,549,535,333,331,6,461,457,465,330,193
2021,1,A,골목상권,2110817,대방역 4번,4185,2172,2013,10,770,1046,1050,736,573,4,304,573,566,365,360,6,466,473,484,371,213
2021,1,A,골목상권,2110818,신대방역 3번,3077,1741,1336,5,647,827,709,528,361,3,245,488,428,333,244,2,402,339,281,195,117
2021,1,A,골목상권,2110819,신대방역 4번,8413,4800,3613,22,1758,2323,2095,1432,783,15,703,1397,1279,875,531,7,1055,926,816,557,252
2021,1,A,골목상권,2110820,성남고등학교,5261,3799,1462,6,897,1096,1024,1672,566,4,555,782,724,1306,428,2,342,314,300,366,138
2021,1,A,골목상권,2110821,보라매역 2번,20232,12822,7410,53,3814,3970,3335,4772,4288,28,2871,3169,2141,2333,2280,25,943,801,1194,2439,2008
2021,1,A,골목상권,2110822,신대방삼거리역 4번(대림초등학교),21761,14425,7336,49,4293,4465,3481,5406,4067,25,3222,3610,2369,3027,2172,24,1071,855,1112,2379,1895
2021,1,A,골목상권,2110823,신대방삼거리역 3번,19702,12375,7327,54,3771,3849,3316,4703,4009,29,2894,3042,2093,2221,2096,25,877,807,1223,2482,1913
2021,1,A,골목상권,2110824,대방역 3번,3761,1903,1858,11,679,1005,971,680,415,4,247,541,503,341,267,7,432,464,468,339,148
2021,1,A,골목상권,2110825,신대방삼거리역 1번,2536,1465,1071,4,276,526,686,635,409,2,138,298,391,351,285,2,138,228,295,284,124
2021,1,A,골목상권,2110826,장승배기역 4번,2029,905,1124,3,266,455,516,421,368,1,108,218,207,182,189,2,158,237,309,239,179
2021,1,A,골목상권,2110827,NH농협은행 상도동지점,1462,630,832,2,132,273,365,370,320,1,43,127,154,151,154,1,89,146,211,219,166
2021,1,A,골목상권,2110828,노량진역 6번,8869,5087,3782,23,1227,2717,2373,1773,756,5,584,1515,1420,1093,470,18,643,1202,953,680,286
2021,1,A,골목상권,2110829,장승배기역 5번,2349,1304,1045,2,395,511,541,549,351,1,260,279,263,290,211,1,135,232,278,259,140
2021,1,A,골목상권,2110830,상도초등학교,1330,625,705,0,226,298,336,312,158,0,96,129,138,163,99,0,130,169,198,149,59
2021,1,A,골목상권,2110831,상도4동주민센터,2239,1368,871,3,307,506,509,590,324,2,153,295,324,435,159,1,154,211,185,155,165
2021,1,A,골목상권,2110832,노량진초등학교,5002,2714,2288,10,799,1411,1191,1071,520,2,412,703,650,640,307,8,387,708,541,431,213
2021,1,A,골목상권,2110833,상도역 2번,1715,864,851,7,261,455,433,361,198,2,97,247,248,166,104,5,164,208,185,195,94
2021,1,A,골목상권,2110834,동작구자원봉사센터,3162,1812,1350,14,353,723,846,740,486,11,174,415,515,413,284,3,179,308,331,327,202
2021,1,A,골목상권,2110835,상도역 1번,2038,1023,1015,7,367,582,498,390,194,2,128,317,279,178,119,5,239,265,219,212,75
2021,1,A,골목상권,2110836,상도역 5번,5025,2807,2218,14,875,1350,1197,1030,559,3,367,761,710,615,351,11,508,589,487,415,208
2021,1,A,골목상권,2110837,숭실대입구역 1번,8221,3493,4728,54,1030,1379,1902,2545,1311,29,523,747,944,810,440,25,507,632,958,1735,871
2021,1,A,골목상권,2110838,상도1동주민센터앞,1392,870,522,1,93,249,390,421,238,0,42,120,242,271,195,1,51,129,148,150,43
2021,1,A,골목상권,2110839,숭실대입구역 4번,3697,2231,1466,2,394,1053,1227,711,310,1,181,582,728,474,265,1,213,471,499,237,45
2021,1,A,골목상권,2110840,중앙대학교,882,502,380,1,124,191,228,200,138,0,56,112,135,111,88,1,68,79,93,89,50
2021,1,A,골목상권,2110841,중대부중,674,354,320,1,103,154,161,163,92,0,51,94,81,73,55,1,52,60,80,90,37
2021,1,A,골목상권,2110842,흑리단길,556,270,286,1,66,101,146,139,103,0,20,42,66,74,68,1,46,59,80,65,35
2021,1,A,골목상권,2110843,사당5동주민센터,1194,583,611,1,98,212,342,336,205,0,37,73,143,177,153,1,61,139,199,159,52
2021,1,A,골목상권,2110844,흑석2치안센터,241,126,115,1,35,73,58,42,32,1,19,32,33,17,24,0,16,41,25,25,8
2021,1,A,골목상권,2110845,사당종합체육관,2397,1431,966,1,354,627,650,552,213,0,148,356,441,330,156,1,206,271,209,222,57
2021,1,A,골목상권,2110846,남성역 1번,3630,1865,1765,7,330,623,941,836,893,4,126,281,402,423,629,3,204,342,539,413,264
2021,1,A,골목상권,2110847,예술인마을,2530,1528,1002,4,338,589,673,515,411,3,154,331,385,307,348,1,184,258,288,208,63
2021,1,A,골목상권,2110848,양지어린이공원,3256,1724,1532,6,441,566,741,634,868,2,119,275,356,341,631,4,322,291,385,293,237
2021,1,A,골목상권,2110849,이수역 10번,3768,1745,2023,10,433,701,854,817,953,3,153,309,390,345,545,7,280,392,464,472,408
2021,1,A,골목상권,2110850,사당역 10번,10320,5639,4681,18,1880,2576,2671,1839,1336,7,705,1317,1483,1154,973,11,1175,1259,1188,685,363
2021,1,A,골목상권,2110851,경문고등학교(동작동성당),4456,2067,2389,17,740,1150,1184,943,422,8,269,580,679,373,158,9,471,570,505,570,264
2021,1,A,골목상권,2110852,이수역 9번,3811,1920,1891,8,745,927,993,751,387,1,218,418,515,476,292,7,527,509,478,275,95
2021,1,A,골목상권,2110853,KT구로지사,3290,1991,1299,8,459,914,780,685,444,0,205,548,483,423,332,8,254,366,297,262,112
2021,1,A,골목상권,2110854,조원동주민센터,4035,2937,1098,4,549,688,667,631,1496,2,252,444,407,434,1398,2,297,244,260,197,98
2021,1,A,골목상권,2110855,신대방역 2번,7238,5206,2032,7,1079,1599,1673,1188,1692,3,461,1082,1234,877,1549,4,618,517,439,311,143
2021,1,A,골목상권,2110856,미성초등학교,5509,3786,1723,18,482,944,1029,1026,2010,13,244,557,635,596,1741,5,238,387,394,430,269
2021,1,A,골목상권,2110857,미성동주민센터,1420,669,751,18,192,290,315,355,250,13,86,141,143,141,145,5,106,149,172,214,105
2021,1,A,골목상권,2110858,신대방역 1번,2937,2211,726,0,458,834,956,538,151,0,224,640,808,434,105,0,234,194,148,104,46
2021,1,A,골목상권,2110859,난향초등학교,670,335,335,1,62,132,182,148,145,0,6,55,76,79,119,1,56,77,106,69,26
2021,1,A,골목상권,2110860,호림박물관(성보고등학교),2271,1322,949,6,331,597,540,529,268,2,143,327,328,314,208,4,188,270,212,215,60
2021,1,A,골목상권,2110861,관악구신사동주민센터,5342,3589,1753,7,791,1451,1510,1080,503,5,372,999,1127,747,339,2,419,452,383,333,164
2021,1,A,골목상권,2110862,난곡초등학교(난곡동벽화마을),1010,522,488,6,119,185,246,257,197,4,51,89,116,122,140,2,68,96,130,135,57
2021,1,A,골목상권,2110863,난우초등학교,1442,710,732,21,172,297,310,390,252,16,69,135,139,194,157,5,103,162,171,196,95
2021,1,A,골목상권,2110864,신림우방아파트,3375,2463,912,2,520,914,1049,663,227,2,254,676,843,528,160,0,266,238,206,135,67
2021,1,A,골목상권,2110865,남강고등학교(남강중학교),1484,757,727,10,165,277,355,427,250,7,75,151,179,198,147,3,90,126,176,229,103
2021,1,A,골목상권,2110866,난우중학교,1349,680,669,0,156,268,351,372,202,0,54,119,161,198,148,0,102,149,190,174,54
2021,1,A,골목상권,2110867,국제신학대학원대학교(남서울중학교),2153,1276,877,6,202,394,446,534,571,1,116,254,260,305,340,5,86,140,186,229,231
2021,1,A,골목상권,2110868,남부초등학교,2177,1250,927,6,230,384,451,528,578,2,123,247,247,289,342,4,107,137,204,239,236
2021,1,A,골목상권,2110869,신림역 5번(신림동주민센터 신림동별빛거리),4076,2363,1713,5,448,899,1044,811,869,3,183,488,584,482,623,2,265,411,460,329,246
2021,1,A,골목상권,2110870,신림주공2단지(광신고등학교),1141,670,471,2,115,187,305,328,204,0,57,100,158,196,159,2,58,87,147,132,45
2021,1,A,골목상권,2110871,신원동주민센터,1612,855,757,5,156,282,321,377,471,0,73,153,184,186,259,5,83,129,137,191,212
2021,1,A,골목상권,2110872,신림초등학교,930,502,428,5,122,218,227,219,139,3,61,122,131,115,70,2,61,96,96,104,69
2021,1,A,골목상권,2110873,당곡중학교,3337,1850,1487,9,500,680,793,702,653,5,233,361,440,359,452,4,267,319,353,343,201
2021,1,A,골목상권,2110874,원신초등학교(구세군관악영문교회),1118,557,561,8,124,254,308,281,143,2,31,106,166,149,103,6,93,148,142,132,40
2021,1,A,골목상권,2110875,보라매동주민센터(당곡고등학교),1363,723,640,3,157,282,311,338,272,1,67,137,153,175,190,2,90,145,158,163,82
2021,1,A,골목상권,2110876,서원동주민센터(신관중학교),2115,996,1119,9,238,350,386,523,609,1,98,176,204,211,306,8,140,174,182,312,303
2021,1,A,골목상권,2110877,신림역 8번,3894,1878,2016,7,700,826,840,835,686,3,217,354,438,393,473,4,483,472,402,442,213
2021,1,A,골목상권,2110878,미림여고,760,404,356,6,82,201,203,172,96,1,25,95,123,91,69,5,57,106,80,81,27
2021,1,A,골목상권,2110879,신림현대아파트,1503,793,710,7,249,266,356,320,305,1,112,137,184,178,181,6,137,129,172,142,124
2021,1,A,골목상권,2110880,신림역 1번,2278,911,1367,4,518,556,461,452,287,1,128,213,230,166,173,3,390,343,231,286,114
2021,1,A,골목상권,2110881,구립대학경로당(관악산샘말공원),3797,2632,1165,10,521,941,1074,882,369,3,294,607,786,658,284,7,227,334,288,224,85
2021,1,A,골목상권,2110882,신성초등학교,3420,2456,964,10,526,699,935,786,464,2,341,512,686,592,323,8,185,187,249,194,141
2021,1,A,골목상권,2110883,은천초등학교(은천교앞),3528,1525,2003,18,494,684,812,1011,509,3,133,308,387,360,334,15,361,376,425,651,175
2021,1,A,골목상권,2110884,봉천역 4번(봉천110안전센터),4024,1687,2337,16,619,799,866,1104,620,3,163,358,395,397,371,13,456,441,471,707,249
2021,1,A,골목상권,2110885,영락고등학교,1893,1032,861,8,261,357,479,409,379,2,125,180,245,234,246,6,136,177,234,175,133
2021,1,A,골목상권,2110886,관악해태어린이공원,1665,1062,603,3,148,265,453,511,285,1,57,128,278,370,228,2,91,137,175,141,57
2021,1,A,골목상권,2110887,서울산업정보학교(서울삼성초등학교),1523,976,547,3,160,328,383,455,194,1,58,159,255,349,154,2,102,169,128,106,40
2021,1,A,골목상권,2110888,청룡동주민센터,2099,907,1192,4,408,600,515,327,245,0,86,215,246,182,178,4,322,385,269,145,67
2021,1,A,골목상권,2110889,봉천역 6번,2545,1344,1201,2,320,470,540,632,581,1,129,231,296,373,314,1,191,239,244,259,267
2021,1,A,골목상권,2110890,봉천역 1번(관악초등학교),2594,1111,1483,7,502,694,561,417,413,3,119,262,264,217,246,4,383,432,297,200,167
2021,1,A,골목상권,2110891,구암초등학교,1510,676,834,1,244,400,465,274,126,0,74,176,222,137,67,1,170,224,243,137,59
2021,1,A,골목상권,2110892,관악구 중앙길,4838,2402,2436,12,705,953,1155,1126,887,7,243,435,562,631,524,5,462,518,593,495,363
2021,1,A,골목상권,2110893,관악소방서(문영여고),1875,1446,429,2,350,573,417,435,98,1,241,446,313,364,81,1,109,127,104,71,17
2021,1,A,골목상권,2110894,관악동부센트레빌아파트(은천로35라길),7336,2753,4583,54,1023,1249,1644,2245,1121,30,476,663,753,603,228,24,547,586,891,1642,893
2021,1,A,골목상권,2110895,샤로수길,10222,6144,4078,27,1727,3006,2245,2098,1119,14,783,1749,1342,1397,859,13,944,1257,903,701,260
2021,1,A,골목상권,2110896,관악우성아파트,799,291,508,4,114,127,193,218,143,3,40,45,67,80,56,1,74,82,126,138,87
2021,1,A,골목상권,2110897,서울대입구역 8번,3920,2161,1759,18,646,860,915,882,599,10,268,453,509,503,418,8,378,407,406,379,181
2021,1,A,골목상권,2110898,청림동주민센터(상도중학교),3450,1948,1502,3,505,1104,1104,537,197,2,228,621,634,318,145,1,277,483,470,219,52
2021,1,A,골목상권,2110899,낙성대역 5번(관악중학교),4750,3171,1579,19,928,1383,1072,761,587,11,469,968,738,513,472,8,459,415,334,248,115
2021,1,A,골목상권,2110900,낙성대역 1번(관악구민 종합체육센터),5205,3133,2072,15,1042,1513,1190,800,645,7,483,957,724,463,499,8,559,556,466,337,146
2021,1,A,골목상권,2110901,인헌고등학교(인헌중학교),2102,1093,1009,7,323,545,600,405,222,4,150,278,296,187,178,3,173,267,304,218,44
2021,1,A,골목상권,2110902,사당역 4번,5046,3244,1802,7,832,1231,1323,951,702,5,434,787,876,621,521,2,398,444,447,330,181
2021,1,A,골목상권,2110903,방배아이파크아파트,17572,8950,8622,21,2787,4332,4867,3195,2370,8,911,1898,2409,1828,1896,13,1876,2434,2458,1367,474
2021,1,A,골목상권,2110904,이수역 5번,8769,3652,5117,28,1705,2258,2104,1550,1124,11,568,901,855,658,659,17,1137,1357,1249,892,465
2021,1,A,골목상권,2110905,방배노인종합복지관(이수중학교),7088,3248,3840,14,1430,1975,1825,1194,650,2,492,840,856,644,414,12,938,1135,969,550,236
2021,1,A,골목상권,2110906,서문여고,12830,5897,6933,22,2398,3237,3851,2269,1053,7,757,1390,1825,1223,695,15,1641,1847,2026,1046,358
2021,1,A,골목상권,2110907,방배초등학교,9463,5322,4141,34,1449,1969,2194,2016,1801,18,591,1121,1241,1097,1254,16,858,848,953,919,547
2021,1,A,골목상권,2110908,구반포역,10206,5558,4648,82,1769,2563,2691,2291,810,77,764,1411,1582,1201,523,5,1005,1152,1109,1090,287
2021,1,A,골목상권,2110909,남태령역(서울전자고등학교),980,650,330,3,37,95,211,424,210,3,11,56,137,285,158,0,26,39,74,139,52
2021,1,A,골목상권,2110910,내방역 5번,8226,4933,3293,29,1467,1910,1854,1558,1408,18,612,1121,1123,986,1073,11,855,789,731,572,335
2021,1,A,골목상권,2110911,방배배수지체육공원,9356,5053,4303,21,1411,2855,2730,1512,827,7,554,1540,1393,987,572,14,857,1315,1337,525,255
2021,1,A,골목상권,2110912,방배동사이길,15348,9117,6231,40,3489,4414,3802,2689,914,11,1112,2520,2641,2084,749,29,2377,1894,1161,605,165
2021,1,A,골목상권,2110913,방현초등학교(방배119안전센터),13661,7814,5847,27,2260,4039,3860,2228,1247,6,966,2297,2227,1448,870,21,1294,1742,1633,780,377
2021,1,A,골목상권,2110914,내방역 6번,7659,4955,2704,25,1383,2047,1723,1397,1084,13,683,1314,1154,948,843,12,700,733,569,449,241
2021,1,A,골목상권,2110915,서래초등학교,94789,82594,12195,60,11017,20797,25059,34620,3236,23,7412,16877,22213,33205,2864,37,3605,3920,2846,1415,372
2021,1,A,골목상권,2110916,내방역 4번,11774,7659,4115,75,2322,3382,2734,1833,1428,62,1295,2295,1844,1148,1015,13,1027,1087,890,685,413
2021,1,A,골목상권,2110917,서초소방서,12422,9657,2765,29,1384,3372,3553,3049,1035,18,855,2598,2947,2472,767,11,529,774,606,577,268
2021,1,A,골목상권,2110918,방배역 3번,10816,7193,3623,65,2219,3056,2465,1686,1325,48,1253,2103,1744,1060,985,17,966,953,721,626,340
2021,1,A,골목상권,2110919,내방역 8번,23026,14891,8135,70,3979,7139,6333,3943,1562,37,1696,4093,4651,3200,1214,33,2283,3046,1682,743,348
2021,1,A,골목상권,2110920,방배역 2번(백석예술대학교),9972,5994,3978,105,1806,2901,2264,1609,1287,29,832,1640,1444,1069,980,76,974,1261,820,540,307
2021,1,A,골목상권,2110921,서울프랑스학교,83562,76383,7179,44,8142,17368,22255,32750,3003,26,6585,15123,20344,31698,2607,18,1557,2245,1911,1052,396
2021,1,A,골목상권,2110922,내방역 1번,16882,11227,5655,77,3284,5206,4097,3133,1085,58,1557,3103,3051,2630,828,19,1727,2103,1046,503,257
2021,1,A,골목상권,2110923,방배역 1번,8904,5663,3241,101,1440,2646,2283,1421,1013,32,731,1526,1586,1012,776,69,709,1120,697,409,237
2021,1,A,골목상권,2110924,반포4동주민센터(몽마르뜨공원),83099,74961,8138,37,8203,17350,22275,32239,2995,19,6505,14740,20038,31075,2584,18,1698,2610,2237,1164,411
2021,1,A,골목상권,2110925,서초중학교,9296,5492,3804,52,1961,2662,2169,1374,1078,25,798,1591,1465,898,715,27,1163,1071,704,476,363
2021,1,A,골목상권,2110926,신중초등학교,20711,15020,5691,29,2823,6720,5736,3692,1711,13,1488,4871,4651,2834,1163,16,1335,1849,1085,858,548
2021,1,A,골목상권,2110927,잠원역,5195,2975,2220,14,1049,1543,1215,847,527,5,440,957,806,467,300,9,609,586,409,380,227
2021,1,A,골목상권,2110928,서초우방유쉘아파트,14636,8308,6328,79,2911,3987,3610,2696,1353,42,1209,2357,2220,1538,942,37,1702,1630,1390,1158,411
2021,1,A,골목상권,2110929,남부터미널역 1번,40801,22975,17826,94,8567,10227,8785,10521,2607,29,2961,5530,5108,7404,1943,65,5606,4697,3677,3117,664
2021,1,A,골목상권,2110930,서초동성당,40185,22492,17693,64,7459,10413,9292,10954,2003,36,2906,5657,4975,7438,1480,28,4553,4756,4317,3516,523
2021,1,A,골목상권,2110931,삼성전자서울R&D(서울우면초등학교),1471,770,701,0,273,440,390,329,39,0,89,178,228,248,27,0,184,262,162,81,12
2021,1,A,골목상권,2110932,서울시인재개발원,6066,3421,2645,20,1419,1827,1388,942,470,6,486,1071,936,597,325,14,933,756,452,345,145
2021,1,A,골목상권,2110933,한국상담대학원대학교,6457,3774,2683,19,1551,1930,1522,1006,429,6,610,1213,1030,624,291,13,941,717,492,382,138
2021,1,A,골목상권,2110934,우면주공아파트,3248,1908,1340,6,549,981,879,631,202,5,199,529,564,460,151,1,350,452,315,171,51
2021,1,A,골목상권,2110935,한전아트센터,20312,15954,4358,47,3699,7326,4955,3496,789,19,2201,5852,4154,3079,649,28,1498,1474,801,417,140
2021,1,A,골목상권,2110936,더케이호텔(양재리본타워2단지아파트),3869,2981,888,16,803,1160,864,700,326,10,552,922,691,565,241,6,251,238,173,135,85
2021,1,A,골목상권,2110937,방아다리근린공원(횃불트리니티신학대학원대학교),17876,11487,6389,356,5244,5033,3649,2329,1265,166,2714,3411,2635,1557,1004,190,2530,1622,1014,772,261
2021,1,A,골목상권,2110938,바우뫼공원,11265,6894,4371,329,3630,2824,2266,1433,783,154,1891,1856,1564,870,559,175,1739,968,702,563,224
2021,1,A,골목상권,2110939,양재역 8번(양재동우체국),45731,23354,22377,508,9762,11110,12644,8019,3688,246,4819,6778,5503,3276,2732,262,4943,4332,7141,4743,956
2021,1,A,골목상권,2110940,양재근린공원(양재2동주민센터),8689,5762,2927,47,1434,2277,2149,1768,1014,26,766,1507,1483,1202,778,21,668,770,666,566,236
2021,1,A,골목상권,2110941,언남고등학교,4779,3108,1671,28,739,1265,1190,966,591,17,414,816,783,644,434,11,325,449,407,322,157
2021,1,A,골목상권,2110942,염곡동 구룡사(포이동성당),32043,24395,7648,74,4187,7325,9070,9280,2107,40,2598,5356,6923,7833,1645,34,1589,1969,2147,1447,462
2021,1,A,골목상권,2110943,법제교육센터(버들어린이공원),7684,4780,2904,20,1200,1903,1957,1484,1120,11,643,1190,1209,900,827,9,557,713,748,584,293
2021,1,A,골목상권,2110944,서울나래학교(염곡어린이공원),20185,16768,3417,29,2090,4170,6159,6991,746,22,1509,3356,5018,6304,559,7,581,814,1141,687,187
2021,1,A,골목상권,2110945,본마을노인복지센터(서초구립내곡도서관),383,240,143,3,62,91,87,89,51,3,25,53,59,64,36,0,37,38,28,25,15
2021,1,A,골목상권,2110946,청계산원터골,271,144,127,0,34,50,81,50,56,0,15,29,58,20,22,0,19,21,23,30,34
2021,1,A,골목상권,2110947,청계산입구역 2번(내곡동주민센터),326,172,154,0,38,55,98,76,59,0,17,30,68,33,24,0,21,25,30,43,35
2021,1,A,골목상권,2110948,헌인가구단지,57,27,30,0,5,24,14,11,3,0,4,12,6,2,3,0,1,12,8,9,0
2021,1,A,골목상권,2110949,한남IC,12160,7678,4482,41,2351,3690,3261,1910,907,23,1063,2371,2209,1313,699,18,1288,1319,1052,597,208
2021,1,A,골목상권,2110950,논현역 7번,19297,11636,7661,39,4250,6200,4538,2762,1508,17,1787,3758,3112,1836,1126,22,2463,2442,1426,926,382
2021,1,A,골목상권,2110951,신사은행나무공원,12925,7220,5705,52,3507,3777,2858,1670,1061,15,1315,2106,1920,1102,762,37,2192,1671,938,568,299
2021,1,A,골목상권,2110952,논현목련공원,10637,6885,3752,21,2104,3370,2518,1670,954,15,1135,2250,1740,1096,649,6,969,1120,778,574,305
2021,1,A,골목상권,2110953,학동근린공원,26213,16160,10053,92,6774,8335,5664,3381,1967,28,2991,5202,4071,2370,1498,64,3783,3133,1593,1011,469
2021,1,A,골목상권,2110954,국기원,23196,12840,10356,110,5238,7616,5998,2944,1290,31,1823,3964,3878,2178,966,79,3415,3652,2120,766,324
2021,1,A,골목상권,2110955,논현초등학교,25381,16658,8723,83,5578,7705,5841,3882,2292,48,2817,5039,4258,2826,1670,35,2761,2666,1583,1056,622
2021,1,A,골목상권,2110956,언주역 8번,15614,9542,6072,57,3754,5177,3520,1901,1205,37,1723,3094,2486,1290,912,20,2031,2083,1034,611,293
2021,1,A,골목상권,2110957,언북중학교,28690,17182,11508,72,5858,8514,6766,4137,3343,15,2276,4756,4609,3001,2525,57,3582,3758,2157,1136,818
2021,1,A,골목상권,2110958,역삼역 4번,42236,28666,13570,63,7659,13522,11576,6973,2443,22,3663,8770,8848,5673,1690,41,3996,4752,2728,1300,753
2021,1,A,골목상권,2110959,신구중학교,12478,6517,5961,139,2815,3808,2504,1783,1429,50,1173,2082,1655,873,684,89,1642,1726,849,910,745
2021,1,A,골목상권,2110960,은광여고,25543,18368,7175,56,2951,5943,6854,7171,2568,40,1640,3961,5282,5652,1793,16,1311,1982,1572,1519,775
2021,1,A,골목상권,2110961,언주역 3번,25850,16840,9010,70,5483,7931,5602,3658,3106,29,2478,5132,4147,2743,2311,41,3005,2799,1455,915,795
2021,1,A,골목상권,2110962,도산공원북측,7684,4139,3545,25,1867,2746,1614,996,436,9,732,1558,1047,545,248,16,1135,1188,567,451,188
2021,1,A,골목상권,2110963,역삼월드메르디앙아파트,26645,15919,10726,134,6368,7920,6420,3764,2039,38,2482,4698,4514,2587,1600,96,3886,3222,1906,1177,439
2021,1,A,골목상권,2110964,싸리고개근린공원,16691,13249,3442,26,2072,3680,4901,4766,1246,12,1067,2741,4124,4292,1013,14,1005,939,777,474,233
2021,1,A,골목상권,2110965,언주역 6번,12536,6978,5558,32,2785,3988,2917,1723,1091,14,1028,2297,1924,985,730,18,1757,1691,993,738,361
2021,1,A,골목상권,2110966,논현2동주민센터,27417,17538,9879,65,4763,7772,7077,5016,2724,17,2089,4522,4968,3771,2171,48,2674,3250,2109,1245,553
2021,1,A,골목상권,2110967,역삼역 8번,60702,36823,23879,115,10925,17002,16035,14106,2519,65,7128,12381,9947,5650,1652,50,3797,4621,6088,8456,867
2021,1,A,골목상권,2110968,강남구청역 2번,17810,11539,6271,53,3230,4729,4471,3306,2021,17,1463,2823,3248,2441,1547,36,1767,1906,1223,865,474
2021,1,A,골목상권,2110969,베르사이유1아파트,53929,36213,17716,90,9575,16368,14864,10164,2868,34,5089,11243,11284,6616,1947,56,4486,5125,3580,3548,921
2021,1,A,골목상권,2110970,학동초등학교,12139,7385,4754,45,2463,3692,2909,1837,1193,19,1064,2125,1996,1282,899,26,1399,1567,913,555,294
2021,1,A,골목상권,2110971,선정릉역 4번,73203,35861,37342,185,15399,20094,18092,15247,4186,90,8048,12361,8646,4171,2545,95,7351,7733,9446,11076,1641
2021,1,A,골목상권,2110972,강남세브란스병원미래의학연구센터,26073,14646,11427,216,7696,7646,5984,3332,1199,73,3194,4587,3952,1945,895,143,4502,3059,2032,1387,304
2021,1,A,골목상권,2110973,강남구청역 4번,12597,7190,5407,54,2501,3373,2945,2285,1439,18,1044,2008,1846,1330,944,36,1457,1365,1099,955,495
2021,1,A,골목상권,2110974,언주중학교,10084,6627,3457,39,2227,3204,2129,1449,1036,25,1044,1971,1619,1140,828,14,1183,1233,510,309,208
2021,1,A,골목상권,2110975,매봉역 1번,22408,15346,7062,84,4644,5711,5884,4648,1437,54,2422,3673,4320,3677,1200,30,2222,2038,1564,971,237
2021,1,A,골목상권,2110976,언북초등학교,11065,5295,5770,25,3211,3774,2056,1187,812,5,1083,1821,1178,701,507,20,2128,1953,878,486,305
2021,1,A,골목상권,2110977,논현로18길,10006,6917,3089,18,1546,3017,2690,1646,1089,7,822,2051,2060,1150,827,11,724,966,630,496,262
2021,1,A,골목상권,2110978,도곡2동주민센터(대치중학교),12302,8363,3939,54,2526,3818,2860,1644,1400,37,1355,2740,2264,1161,806,17,1171,1078,596,483,594
2021,1,A,골목상권,2110979,청담초등학교,18648,9066,9582,39,5067,6996,3688,1966,892,15,1632,3410,2200,1140,669,24,3435,3586,1488,826,223
2021,1,A,골목상권,2110980,개포지구대옆,25161,10281,14880,88,3951,5726,8389,5194,1813,42,1896,3243,2591,1405,1104,46,2055,2483,5798,3789,709
2021,1,A,골목상권,2110981,국악고교사거리,12357,8276,4081,26,1850,3425,3175,2214,1667,9,980,2320,2252,1450,1265,17,870,1105,923,764,402
2021,1,A,골목상권,2110982,강남구보훈회관,6082,3566,2516,14,1266,1604,1400,963,835,6,513,1046,910,527,564,8,753,558,490,436,271
2021,1,A,골목상권,2110983,국립국악고등학교,3835,2457,1378,13,616,955,928,708,615,2,285,601,613,465,491,11,331,354,315,243,124
2021,1,A,골목상권,2110984,포이초등학교(개포목련어린이공원),6964,4388,2576,20,1326,1965,1598,1256,799,13,815,1286,925,757,592,7,511,679,673,499,207
2021,1,A,골목상권,2110985,청담근린공원,13449,8818,4631,66,2379,3877,3557,2503,1067,35,1141,2595,2592,1729,726,31,1238,1282,965,774,341
2021,1,A,골목상권,2110986,삼성중앙역 7번,27479,17773,9706,52,3973,10061,7904,3716,1773,15,1757,6297,6233,2496,975,37,2216,3764,1671,1220,798
2021,1,A,골목상권,2110987,영동대교남단,8320,5539,2781,40,1422,2410,2185,1548,715,19,663,1584,1632,1125,516,21,759,826,553,423,199
2021,1,A,골목상권,2110988,청담역 3번,18899,9206,9693,73,3792,5684,5341,2877,1132,33,1221,2750,2769,1638,795,40,2571,2934,2572,1239,337
2021,1,A,골목상권,2110989,대치동아우편취급국,29290,17968,11322,140,4768,8716,7970,4868,2828,17,2007,5273,5502,3456,1713,123,2761,3443,2468,1412,1115
2021,1,A,골목상권,2110990,청담역 12번,10376,6980,3396,39,1551,3276,3120,1867,523,23,669,2073,2406,1424,385,16,882,1203,714,443,138
2021,1,A,골목상권,2110991,삼성중앙역 5번,28503,15784,12719,115,5919,9500,6998,3927,2044,37,2281,5361,4631,2309,1165,78,3638,4139,2367,1618,879
2021,1,A,골목상권,2110992,도곡초등학교,12863,6859,6004,63,2365,3393,3003,2467,1572,35,940,1769,1666,1432,1017,28,1425,1624,1337,1035,555
2021,1,A,골목상권,2110993,개포지하차도 북측,493,214,279,3,70,105,147,115,53,0,16,44,60,58,36,3,54,61,87,57,17
2021,1,A,골목상권,2110994,개포고등학교,4640,2964,1676,57,889,1272,1058,857,507,24,514,821,664,537,404,33,375,451,394,320,103
2021,1,A,골목상권,2110995,봉은사역 4번,80333,61317,19016,154,15900,21348,21569,17001,4361,88,10163,16112,17810,14553,2591,66,5737,5236,3759,2448,1770
2021,1,A,골목상권,2110996,대치2동주민센터,37900,18079,19821,265,7022,9437,8584,7750,4842,106,3263,5619,4641,2694,1756,159,3759,3818,3943,5056,3086
2021,1,A,골목상권,2110997,대청초등학교,12566,4876,7690,31,3480,3879,2620,1655,901,3,781,1456,1134,859,643,28,2699,2423,1486,796,258
2021,1,A,골목상권,2110998,은곡마을(은곡마을공원),128,65,63,3,11,41,35,25,13,1,6,18,19,14,7,2,5,23,16,11,6
2021,1,A,골목상권,2110999,윗방죽마을공원,464,257,207,3,35,80,86,139,121,1,17,50,56,81,52,2,18,30,30,58,69
2021,1,A,골목상권,2111000,대왕초등학교(세곡동사거리서남측),294,138,156,6,35,84,93,56,20,3,11,31,49,30,14,3,24,53,44,26,6
2021,1,A,골목상권,2111001,아래방죽마을공원(율현초등학교),290,157,133,1,14,42,49,102,82,0,8,28,30,53,38,1,6,14,19,49,44
2021,1,A,골목상권,2111002,한국교통안전공단 강남자동차검사소,569,334,235,0,41,89,114,175,150,0,16,52,64,100,102,0,25,37,50,75,48
2021,1,A,골목상권,2111003,삼전역 4번,5935,3890,2045,37,711,1296,1484,1127,1280,2,366,849,960,726,987,35,345,447,524,401,293
2021,1,A,골목상권,2111004,삼전역 1번,18500,12541,5959,63,2605,4069,4548,4156,3059,21,1379,2681,3191,2968,2301,42,1226,1388,1357,1188,758
2021,1,A,골목상권,2111005,삼전역 3번,6038,4006,2032,15,892,1505,1406,1233,987,5,513,1061,958,761,708,10,379,444,448,472,279
2021,1,A,골목상권,2111006,석촌고분역 1번,17571,11961,5610,44,2435,3821,4234,3746,3291,29,1307,2544,2976,2542,2563,15,1128,1277,1258,1204,728
2021,1,A,골목상권,2111007,석촌고분역 4번,6337,4182,2155,12,863,1398,1389,1437,1238,11,532,949,921,882,887,1,331,449,468,555,351
2021,1,A,골목상권,2111008,석촌고분역 3번,5190,3263,1927,13,640,1032,1256,1260,989,11,345,636,773,761,737,2,295,396,483,499,252
2021,1,A,골목상권,2111009,송파책박물관,2198,1590,608,5,244,436,453,548,512,3,191,328,324,352,392,2,53,108,129,196,120
2021,1,A,골목상권,2111010,석촌역 7번,7908,5556,2352,11,859,1781,1872,1423,1962,8,472,1253,1268,916,1639,3,387,528,604,507,323
2021,1,A,골목상권,2111011,잠실나루역,10263,8174,2089,42,1383,3190,3039,2132,477,18,976,2602,2477,1735,366,24,407,588,562,397,111
2021,1,A,골목상권,2111012,석촌역 6번,6180,3598,2582,11,624,1426,1478,1279,1362,5,303,977,873,617,823,6,321,449,605,662,539
2021,1,A,골목상권,2111013,송파나루역 1번(송리단길),14226,8959,5267,26,2198,4197,3547,2563,1695,8,1070,2666,2388,1628,1199,18,1128,1531,1159,935,496
2021,1,A,골목상권,2111014,송파나루역 2번,14245,8390,5855,26,2077,3609,3332,3152,2049,12,1010,2234,2195,1757,1182,14,1067,1375,1137,1395,867
2021,1,A,골목상권,2111015,석촌역 3번,12636,8115,4521,27,1865,3083,2891,2543,2227,11,946,2081,1944,1588,1545,16,919,1002,947,955,682
2021,1,A,골목상권,2111016,송파역 2번,17063,11286,5777,65,2224,3744,4130,3798,3102,46,1099,2434,3059,2519,2129,19,1125,1310,1071,1279,973
2021,1,A,골목상권,2111017,송파나루역 3번,7518,4240,3278,22,1335,1443,1570,1943,1205,16,636,929,992,985,682,6,699,514,578,958,523
2021,1,A,골목상권,2111018,풍납초등학교(풍납백제문화공원),1322,801,521,0,186,299,301,335,201,0,99,158,169,220,155,0,87,141,132,115,46
2021,1,A,골목상권,2111019,한성백제역 3번,17428,9415,8013,47,2799,3938,3794,4086,2764,34,1482,2587,2120,1689,1503,13,1317,1351,1674,2397,1261
2021,1,A,골목상권,2111020,방이동고분군(방산고등학교),6318,3723,2595,19,898,1441,1494,1560,906,12,427,835,927,919,603,7,471,606,567,641,303
2021,1,A,골목상권,2111021,방이역 4번,11935,8619,3316,39,1562,2502,3053,2900,1879,27,822,1638,2262,2278,1592,12,740,864,791,622,287
2021,1,A,골목상권,2111022,석촌중학교(방이육교),11171,7061,4110,23,1357,2490,2437,2244,2620,9,716,1668,1619,1268,1781,14,641,822,818,976,839
2021,1,A,골목상권,2111023,문정역 1번,4682,2809,1873,8,724,962,1124,1079,785,2,348,579,724,600,556,6,376,383,400,479,229
2021,1,A,골목상권,2111024,경찰병원역 4번(건너말공원),17836,10455,7381,63,2463,3913,3833,3232,4332,31,1098,2309,2548,1846,2623,32,1365,1604,1285,1386,1709
2021,1,A,골목상권,2111025,경찰병원역 3번,11774,6132,5642,55,1415,2152,2136,2128,3888,25,571,1173,1208,922,2233,30,844,979,928,1206,1655
2021,1,A,골목상권,2111026,문정역 2번,6153,3880,2273,10,919,1459,1548,1358,859,5,526,971,988,745,645,5,393,488,560,613,214
2021,1,A,골목상권,2111027,문정초등학교,39531,30313,9218,23,3409,6840,10716,14172,4371,9,2010,4917,8267,12013,3097,14,1399,1923,2449,2159,1274
2021,1,A,골목상권,2111028,문현중학교(장지역 1번),5636,3366,2270,14,804,1250,1392,1311,865,7,422,774,855,701,607,7,382,476,537,610,258
2021,1,A,골목상권,2111029,오금역 4번,7833,5273,2560,14,1268,2371,1930,1379,871,8,740,1577,1338,911,699,6,528,794,592,468,172
2021,1,A,골목상권,2111030,방이역 2번,21156,15625,5531,20,2708,5088,5454,5034,2852,7,1648,3533,4196,4249,1992,13,1060,1555,1258,785,860
2021,1,A,골목상권,2111031,장지동주민센터(한림연예예술고교),35724,27914,7810,18,3116,6475,10247,13557,2311,8,1911,4740,7990,11684,1581,10,1205,1735,2257,1873,730
2021,1,A,골목상권,2111032,방이역 1번,23949,17488,6461,28,3095,5765,6032,5516,3513,14,1835,3956,4600,4519,2564,14,1260,1809,1432,997,949
2021,1,A,골목상권,2111033,문정동성당,33212,26336,6876,13,2679,5820,9576,13087,2037,6,1671,4329,7557,11417,1356,7,1008,1491,2019,1670,681
2021,1,A,골목상권,2111034,오동나무공원(송파레미니스1단지),4106,2722,1384,7,544,891,1006,1075,583,6,316,606,666,667,461,1,228,285,340,408,122
2021,1,A,골목상권,2111035,오금공원(오주중학교),2705,1749,956,2,326,570,689,732,386,1,188,386,470,436,268,1,138,184,219,296,118
2021,1,A,골목상권,2111036,투구봉어린이공원,3333,2198,1135,17,531,892,840,726,327,13,342,626,575,425,217,4,189,266,265,301,110
2021,1,A,골목상권,2111037,Sh수협은행 오금동금융센터(아랫말어린이공원),1946,1126,820,0,210,436,499,533,268,0,120,281,287,264,174,0,90,155,212,269,94
2021,1,A,골목상권,2111038,보인중학교,3272,2119,1153,14,477,818,802,706,455,13,262,543,547,453,301,1,215,275,255,253,154
2021,1,A,골목상권,2111039,벌말어린이공원,3276,2054,1222,10,363,791,844,785,483,9,205,519,543,462,316,1,158,272,301,323,167
2021,1,A,골목상권,2111040,거여초등학교,2682,1704,978,10,328,670,682,619,373,9,189,450,435,362,259,1,139,220,247,257,114
2021,1,A,골목상권,2111041,거여역 8번,2503,1642,861,8,567,621,572,426,309,6,295,430,406,280,225,2,272,191,166,146,84
2021,1,A,골목상권,2111042,거여역 1번(거여공원),5740,3468,2272,22,960,1303,1427,1224,804,16,539,869,864,669,511,6,421,434,563,555,293
2021,1,A,골목상권,2111043,마천공원,2200,1378,822,9,268,499,540,524,360,8,156,311,303,321,279,1,112,188,237,203,81
2021,1,A,골목상권,2111044,남천초등학교,1904,989,915,1,188,378,512,520,305,0,84,186,225,248,246,1,104,192,287,272,59
2021,1,A,골목상권,2111045,개미어린이공원,2261,1195,1066,9,291,357,534,692,378,3,183,228,298,294,189,6,108,129,236,398,189
2021,1,A,골목상권,2111046,마천역(마천초등학교),2822,1633,1189,5,296,604,772,740,405,1,151,347,410,407,317,4,145,257,362,333,88
2021,1,A,골목상권,2111047,마천1치안센터,1261,723,538,1,123,268,342,314,213,1,61,146,181,168,166,0,62,122,161,146,47
2021,1,A,골목상권,2111048,천호역 1번(천호문구완구거리),2003,1064,939,9,254,435,468,419,418,5,102,209,259,213,276,4,152,226,209,206,142
2021,1,A,골목상권,2111049,천호지구대(천호동자전거거리),2201,1197,1004,9,263,431,513,499,486,5,120,216,267,255,334,4,143,215,246,244,152
2021,1,A,골목상권,2111050,강동구청(강동구청역 2번),7541,4687,2854,33,867,1785,1796,1858,1202,14,420,959,1100,1292,902,19,447,826,696,566,300
2021,1,A,골목상권,2111051,천호역 6번,7112,4029,3083,12,975,1636,1725,1854,910,5,493,791,894,1177,669,7,482,845,831,677,241
2021,1,A,골목상권,2111052,암사역 3번(천호동자전거거리),2457,1236,1221,3,262,428,525,464,775,2,92,220,265,243,414,1,170,208,260,221,361
2021,1,A,골목상권,2111053,성내천어린이공원(하니사랑길),23519,17241,6278,41,2641,6412,5666,5352,3407,17,1608,4669,4234,4068,2645,24,1033,1743,1432,1284,762
2021,1,A,골목상권,2111054,암사역 4번(삼성광나루아파트),3414,1360,2054,3,354,528,650,844,1035,2,146,268,280,241,423,1,208,260,370,603,612
2021,1,A,골목상권,2111055,선사초등학교,2553,999,1554,3,292,461,575,738,484,2,137,240,250,203,167,1,155,221,325,535,317
2021,1,A,골목상권,2111056,천호태영아파트,2758,1458,1300,5,235,331,469,477,1241,1,89,126,195,239,808,4,146,205,274,238,433
2021,1,A,골목상권,2111057,천호공원(해공체육문화센터),2118,1068,1050,2,216,311,437,508,644,2,76,120,175,230,465,0,140,191,262,278,179
2021,1,A,골목상권,2111058,성내중학교,2639,1612,1027,3,339,606,682,702,307,1,181,384,406,450,190,2,158,222,276,252,117
2021,1,A,골목상권,2111059,강동역 4번(강풀만화거리),8028,4328,3700,18,1275,1454,1658,1571,2052,8,537,734,860,875,1314,10,738,720,798,696,738
2021,1,A,골목상권,2111060,암사역 2번(서울강동초등학교),3573,1892,1681,10,392,741,923,871,636,5,141,348,473,483,442,5,251,393,450,388,194
2021,1,A,골목상권,2111061,암사역 1번,4194,1874,2320,3,413,710,856,1012,1200,2,170,393,411,369,529,1,243,317,445,643,671
2021,1,A,골목상권,2111062,둔촌동역 3번(성내3동주민센터),4393,2785,1608,8,584,1064,1191,921,625,7,323,676,750,580,449,1,261,388,441,341,176
2021,1,A,골목상권,2111063,강동구립 천호도서관,3759,2069,1690,9,344,581,681,729,1415,7,127,263,349,361,962,2,217,318,332,368,453
2021,1,A,골목상권,2111064,둔촌동역 4번,2951,1763,1188,10,355,587,666,719,614,8,178,353,397,419,408,2,177,234,269,300,206
2021,1,A,골목상권,2111065,천일초등학교,1492,799,693,2,131,236,313,349,461,2,45,104,141,160,347,0,86,132,172,189,114
2021,1,A,골목상권,2111066,암사동성당(효정하나플러스아파트),1961,1136,825,5,220,423,443,525,345,1,83,210,252,350,240,4,137,213,191,175,105
2021,1,A,골목상권,2111067,강동구립성내도서관,8062,3945,4117,26,1296,1623,1874,1847,1396,18,505,849,990,787,796,8,791,774,884,1060,600
2021,1,A,골목상권,2111068,강동성심병원,5278,2358,2920,14,977,1083,1209,1196,799,9,331,516,613,453,436,5,646,567,596,743,363
2021,1,A,골목상권,2111069,천호1동주민센터,2681,1438,1243,8,249,538,670,683,533,3,87,245,351,385,367,5,162,293,319,298,166
2021,1,A,골목상권,2111070,천호초등학교,1943,1134,809,6,159,424,513,540,301,1,60,208,282,348,235,5,99,216,231,192,66
2021,1,A,골목상권,2111071,천동초등학교,2389,1343,1046,2,222,450,615,554,546,1,78,232,345,319,368,1,144,218,270,235,178
2021,1,A,골목상권,2111072,굽은다리역 1번(십자성마을),3937,2371,1566,10,383,823,989,935,797,5,173,470,582,587,554,5,210,353,407,348,243
2021,1,A,골목상권,2111073,둔촌동역 1번(한산중학교),7031,3540,3491,23,864,1431,1725,1807,1181,17,408,802,924,722,667,6,456,629,801,1085,514
2021,1,A,골목상권,2111074,명일역 1번,2753,1586,1167,6,360,639,696,662,390,3,186,384,382,384,247,3,174,255,314,278,143
2021,1,A,골목상권,2111075,굽은다리역 2번,2664,1415,1249,4,325,517,647,666,505,2,142,299,313,346,313,2,183,218,334,320,192
2021,1,A,골목상권,2111076,둔촌2동주민센터,2891,1678,1213,5,343,628,708,627,580,3,143,341,445,347,399,2,200,287,263,280,181
2021,1,A,골목상권,2111077,길동주민센터(강동도서관),7382,3886,3496,18,774,1285,1701,1972,1632,11,369,733,911,873,989,7,405,552,790,1099,643
2021,1,A,골목상권,2111078,굽은다리역 4번,4203,2519,1684,9,398,735,962,1078,1021,5,210,458,553,637,656,4,188,277,409,441,365
2021,1,A,골목상권,2111079,둔촌고등학교(둔촌중학교),4407,1934,2473,5,873,1139,885,927,578,2,262,460,418,421,371,3,611,679,467,506,207
2021,1,A,골목상권,2111080,굽은다리역 3번,1916,853,1063,2,204,357,453,489,411,0,72,184,206,194,197,2,132,173,247,295,214
2021,1,A,골목상권,2111081,둔촌푸르지오아파트,1104,672,432,2,139,198,218,280,267,1,73,121,129,149,199,1,66,77,89,131,68
2021,1,A,골목상권,2111082,중앙보훈병원,3359,1319,2040,1,743,904,629,688,394,0,187,326,270,308,228,1,556,578,359,380,166
2021,1,A,골목상권,2111083,GS강동자이아파트,2403,1398,1005,4,274,421,473,661,570,3,157,263,263,330,382,1,117,158,210,331,188
2021,1,A,골목상권,2111084,길동신동아아파트,1362,726,636,2,136,245,267,388,324,2,79,146,133,178,188,0,57,99,134,210,136
2021,1,A,골목상권,2111085,묘곡초등학교(고덕아이파크아파트),1560,790,770,0,154,294,388,398,326,0,61,149,173,196,211,0,93,145,215,202,115
2021,1,A,골목상권,2111086,한영중고,862,441,421,1,73,196,209,284,99,1,32,75,97,157,79,0,41,121,112,127,20
2021,1,A,골목상권,2111087,고덕중학교(고덕2동주민센터),743,270,473,0,85,157,184,208,109,0,17,54,69,77,53,0,68,103,115,131,56
2021,1,A,골목상권,2111088,고덕동성당,1187,964,223,0,40,92,230,464,361,0,10,55,178,388,333,0,30,37,52,76,28
2021,1,A,골목상권,2111089,상일여고(상일초등학교),1080,716,364,0,123,216,260,297,184,0,58,146,184,192,136,0,65,70,76,105,48
2021,1,A,골목상권,2111090,강일동주민센터,744,547,197,0,90,161,195,190,108,0,55,111,143,143,95,0,35,50,52,47,13
